100
-119 79 80 -96 -94 -11 -123 36 -29 95 67 -100 56 -20 -14 -96 64 3 -102 122 -121 -25 35 25 -80 61 -117 -83 -33 -4 -10 -70 99 42 16 64 19 103 -127 25 40 91 -35 48 -53 40 -37 5 -122 -22 8 -43 12 17 101 -99 9 -46 70 -56 -76 14 46 -29 -103 -6 -93 -14 -112 -56 100 -44 26 52 -109 -44 -123 90 -40 58 75 -43 52 -70 -19 75 82 -46 -84 24 -46 -111 9 109 17 83 101 89 113 111
117 -62 -14 -52 72 7 -64 -62 59 91 -96 -38 66 -51 -84 127 3 -41 41 96 -64 95 30 46 12 112 66 35 3 -126 -63 -29 124 -5 -59 7 -93 -13 -50 -44 -70 -34 40 9 -44 -91 83 -97 -40 -86 -98 77 7 76 85 -126 -87 -84 110 -19 31 -18 43 76 43 -42 -12 -112 -37 -89 -101 110 -63 -110 40 -87 -13 -64 -66 93 125 -19 116 -58 12 19 -2 1 67 71 -60 102 62 -8 35 -59 127 -104 -92 -9
46 -67 -98 49 -108 71 -24 -95 126 12 -5 68 -7 30 16 127 -14 -27 -36 21 -3 39 89 -18 -30 -91 -21 -122 113 94 -119 -83 58 -50 -23 6 22 52 -98 40 20 127 -47 92 18 -88 25 -102 -29 -105 -76 17 117 -118 107 78 -92 -24 -98 63 64 -71 48 -1 -68 -51 -44 24 -77 -74 -63 89 24 61 86 -8 116 -80 -92 -103 72 -37 -54 -122 -19 81 82 -27 -60 103 60 57 -85 69 -113 123 -7 97 -9 -108
54 2 -3 17 -34 111 -35 47 -66 -32 72 -53 31 88 40 21 -51 -114 91 -11 12 103 -118 45 80 82 10 -120 36 -18 49 59 -53 14 10 90 82 102 91 -30 83 -82 -34 -59 51 113 61 59 9 99 -34 120 -31 -112 70 15 117 -52 61 -38 118 -18 -92 80 47 73 -23 3 -2 -126 -73 -91 -42 -28 -14 -38 4 -82 95 -15 26 7 24 124 31 -40 -41 30 47 -69 39 21 -51 64 -14 -57 123 25 27 105
-8 76 -2 26 6 122 38 -85 -108 -100 -32 -53 -41 12 120 -87 35 112 -29 -48 -32 -47 1 -109 32 114 2 -80 32 -25 -6 -85 81 77 -36 -119 99 -4 -74 89 -106 39 -59 -57 44 -81 10 2 66 63 62 69 45 -28 -57 -98 -104 -57 -35 -83 71 -97 93 15 -2 -44 -45 -38 66 -85 -10 -111 -5 110 -117 72 -78 50 118 -52 80 -82 -96 46 -102 -66 62 3 -25 78 26 31 72 127 68 99 -102 -76 54 83
76 29 93 101 37 25 86 -100 69 118 -4 117 72 42 100 16 66 -75 -58 -28 98 -58 27 76 -29 -68 -119 -78 -83 -42 -11 49 42 118 -109 110 -32 123 -73 -70 15 29 12 10 -95 54 -75 32 -27 38 -82 -100 -116 -1 60 115 86 -6 38 10 -17 -87 78 -12 49 88 -14 -76 74 -30 -2 -2 -80 120 21 -76 45 -124 92 -43 -121 -52 41 -63 -119 56 39 34 -36 -50 123 -119 113 109 28 44 -96 72 86 32
-101 -105 106 -56 65 -25 -33 66 -21 -100 115 17 -42 70 92 -28 -124 108 11 125 -85 -37 -66 64 89 12 -88 -65 -119 -68 -8 58 -66 -96 21 -48 103 -89 54 36 17 108 83 -101 -109 113 -16 -44 67 90 21 93 -55 -19 -102 -33 72 -40 30 -60 102 100 -56 99 18 9 -49 70 87 -121 -86 -19 -83 2 125 -38 -27 -4 105 -107 97 25 -122 -108 -101 50 86 -55 50 -67 25 -3 -41 69 -26 -108 33 54 -39 -41
105 40 -108 -20 -91 -98 31 43 76 -60 -22 46 114 -23 31 -9 120 -60 -110 21 70 90 6 50 40 -39 81 2 14 100 55 -43 37 -13 -109 58 28 -99 -91 38 44 96 -44 89 121 -34 -118 -55 -106 46 56 9 -29 -54 41 -99 -44 -35 82 73 -58 -30 -17 58 100 -25 65 33 -103 -108 94 -94 26 34 16 -80 -119 86 57 121 -10 100 78 -56 100 -94 114 -104 102 56 21 75 -34 -48 -108 -111 45 20 53 -34
127 -90 106 -117 71 42 -87 -2 -3 111 -32 44 -45 97 -26 5 58 24 1 97 -10 93 -78 104 -90 22 84 -58 37 88 -110 -75 -5 50 -70 -67 -72 121 -88 -52 12 37 85 -40 -109 -81 30 -103 -28 -101 -110 105 9 -102 -17 -100 47 -103 -102 38 -98 15 -29 -96 -18 22 -82 92 -26 -50 66 102 123 -6 -12 27 -86 -62 96 -88 93 -127 85 27 103 68 125 84 -63 74 -32 -95 114 -37 24 -92 -113 90 -106 -93
-10 16 48 75 -35 121 -5 46 -37 93 126 -18 -57 -10 -122 -109 117 113 38 -43 23 92 83 58 -14 1 4 -6 84 120 61 -3 -17 -37 88 90 94 32 60 72 -65 -88 74 -35 17 -26 71 38 57 -70 71 -16 5 41 -121 124 94 -105 54 -28 14 127 38 -27 -82 -127 -3 110 60 93 59 -88 111 -113 -67 -54 34 92 -66 2 -117 -8 40 -15 33 96 -69 96 -101 -60 -119 -32 80 0 83 51 -38 -74 -86 54
-1 125 13 108 -67 78 42 -123 12 -51 -122 -5 89 -87 -66 20 62 18 -118 -119 -36 -117 -48 -25 -125 96 87 -86 33 49 -82 70 10 -124 -45 -72 -50 52 8 -122 -8 -24 60 -79 13 90 27 15 80 45 14 124 -23 3 -37 66 -2 57 -61 105 -4 -93 -30 -2 -51 -82 -10 41 -44 113 112 -51 -95 -91 -45 -59 -53 -40 -21 120 126 94 107 115 -75 -71 -86 37 84 84 49 117 -51 -36 -41 101 -124 110 -21 66
9 111 102 -56 123 23 -107 -90 -40 -80 -106 46 -11 -110 -31 94 31 -57 4 92 -42 -58 19 22 5 39 113 93 46 -48 63 66 -127 -119 -17 116 123 -38 31 109 84 113 -35 -5 -96 -28 45 -38 85 -9 -21 73 -73 -50 34 -91 75 -67 -86 -23 109 96 -29 86 120 65 32 -48 -104 -53 -116 123 44 -18 -76 -37 106 73 120 11 -105 -28 84 117 -51 92 114 7 -93 122 -55 -17 95 -95 59 -48 -51 3 74 26
51 -125 0 36 -110 66 41 -45 110 14 -68 -108 59 22 72 68 -11 8 106 -25 119 -67 -113 5 98 4 -36 59 -5 -126 -73 88 100 50 90 22 119 -34 108 126 29 48 -90 16 -2 42 -21 33 -85 -57 26 -54 78 94 48 82 93 14 7 45 -75 -6 -91 -42 39 -51 -58 -96 127 99 5 -127 95 -102 70 126 2 -30 -118 -24 68 -57 98 -73 85 90 53 -46 -94 -87 112 126 88 -27 -41 -57 -58 118 -52 115
105 -88 -91 -26 -19 -10 -107 103 77 65 -66 0 -121 100 97 40 -68 -14 -9 42 87 22 -66 -41 -54 -118 -92 -70 -116 118 17 -98 108 60 24 -96 -119 25 -97 -73 37 -42 49 106 -88 -111 115 -75 91 79 14 -120 67 70 -5 -27 -66 124 -87 116 -51 -123 -126 -40 -15 -85 -36 -33 -89 -66 -14 -77 75 35 121 77 -109 -109 15 71 81 -122 61 15 60 -76 -21 -16 -40 108 -28 106 67 -33 83 -48 -46 90 -99 50
-92 -23 -73 -42 -100 92 -61 100 63 -23 46 73 -35 21 -3 29 26 15 44 -1 117 -93 -118 88 -86 -7 94 36 -68 1 79 -24 120 18 19 -16 -40 112 -10 57 -125 98 -4 -80 -25 50 -73 -109 -38 22 -123 117 -90 27 -30 29 -9 48 121 -126 91 -79 125 -73 38 -7 1 88 67 24 -72 -78 46 64 3 -44 -101 -110 -98 26 69 -75 14 5 25 -43 88 -113 27 -124 89 82 71 -87 88 -69 -24 -106 -2 86
9 -53 53 -9 -3 37 20 124 41 71 -13 116 -75 9 -76 124 -103 114 80 125 87 -116 45 4 70 78 104 115 -120 104 58 96 112 76 69 125 106 70 32 111 48 -26 127 -38 -96 -93 -92 -43 -38 127 -87 -89 -28 33 54 -36 5 -113 -7 -113 87 -127 -16 -62 -5 -110 -97 114 114 -39 -71 -87 90 -81 -40 -56 46 59 -48 7 22 -36 42 53 27 -97 -102 92 -53 -30 19 -115 -21 12 -108 -26 -56 68 -48 122
-53 -92 -58 112 -25 -124 85 -16 77 -51 -52 53 81 92 -120 64 -125 -82 23 -125 -58 126 51 -52 -70 45 -58 119 -121 -17 -63 -62 -67 51 -32 75 -68 -121 -8 -116 74 -54 -81 -79 36 -45 6 -31 -80 -113 0 -18 53 -42 29 98 -29 23 -1 -86 34 -71 -40 29 61 79 -71 -65 91 -39 24 107 -40 97 -48 -69 -1 -95 -22 -76 -106 56 92 30 64 -61 84 124 -34 0 48 20 115 -62 127 60 -98 -100 -85 -122
-9 -95 98 8 93 24 -75 -87 66 81 -89 -75 -83 109 -17 -35 114 -78 -5 -26 -126 -72 48 -83 -13 -52 115 80 -109 56 29 73 -48 57 95 42 -115 100 -123 -19 77 84 34 -61 -19 74 88 26 96 127 -1 -91 -117 -36 -29 -36 59 78 44 -85 -38 120 76 -53 72 126 23 -20 -56 -36 -59 21 87 124 -84 95 28 -119 57 -109 21 -92 -116 -62 -92 9 111 -23 -52 125 110 81 -36 80 -4 96 85 -30 111 96
42 -82 -49 89 -73 122 103 63 91 77 -11 -119 111 58 0 -66 -104 13 -20 -52 -120 4 126 34 28 -121 126 85 -99 -125 -41 -77 10 97 -90 15 -125 105 4 -91 45 23 -53 -40 64 60 -4 -84 -18 -15 -87 -51 -58 69 -111 38 122 25 116 62 122 -10 40 -93 89 91 6 0 31 -8 -20 42 34 -59 1 104 43 -11 123 41 29 -107 -89 -49 26 82 118 -18 -118 120 -25 -120 113 -70 116 42 90 -93 -116 -102
-40 -120 46 -122 -114 107 -6 -90 106 39 2 100 13 100 -86 20 63 6 -100 25 72 72 110 45 15 -123 118 -50 7 -62 -49 68 4 108 64 62 -53 51 73 112 -122 -51 9 34 -111 -45 98 -46 35 -59 101 -33 76 6 53 5 109 -43 116 64 54 -53 45 98 49 45 84 -63 45 53 94 -63 -5 77 -51 70 69 25 37 -122 22 23 110 90 25 -63 26 117 47 -68 31 72 -93 -88 -69 10 35 11 -106 86
-93 9 22 -66 3 -75 -76 60 42 63 23 36 -75 -70 -26 -64 -61 91 -102 32 -17 -45 76 -31 -2 -45 -61 83 -28 102 -102 37 96 106 60 25 5 5 89 2 100 22 34 69 -117 -11 96 -118 20 124 -91 -97 113 -23 -83 124 43 37 -48 95 23 14 106 98 -106 48 -127 -50 -98 38 117 -34 42 102 -3 -67 -14 -7 -59 50 121 -99 124 -53 -104 -28 83 -16 -126 -88 112 -25 6 40 40 -54 58 84 13 110
-18 104 -26 -5 83 63 -9 65 23 122 -41 -86 -25 -46 -111 -106 -33 93 16 -106 40 -76 -73 -124 69 62 118 109 98 13 -46 -121 17 127 82 -35 63 99 -103 54 62 84 -15 15 -13 -73 114 -56 64 52 40 -57 -24 -2 -113 115 73 -72 99 -66 -121 80 -77 -47 -87 -50 21 126 107 -33 103 124 -96 -7 -96 -61 2 -51 -114 -106 112 4 -109 -31 -67 117 -55 -69 -78 -75 37 32 -125 53 -30 121 -79 72 -110 75
37 7 57 -6 65 -10 40 120 -53 -87 60 56 64 117 111 -68 -11 -43 67 78 47 7 68 -61 -14 -28 95 -97 -1 52 65 -81 -74 -12 -106 55 95 -68 47 11 112 55 -56 -14 98 -80 -113 52 94 -54 -117 -35 -95 10 -84 47 -57 37 -49 -74 58 29 -56 45 114 -119 -91 12 -87 -103 89 32 69 110 29 -115 -54 -101 76 9 126 5 123 122 -89 37 117 -7 -86 13 -114 -11 99 54 60 37 -122 47 21 79
80 -58 -73 -85 -103 -62 123 60 -111 95 -40 -12 -120 11 -57 -36 56 59 91 97 98 49 85 115 -69 -6 24 -34 65 64 14 23 -108 105 115 35 8 -37 54 27 -24 -57 21 -14 120 32 51 20 2 117 98 -107 -28 95 -96 -74 8 -105 -23 0 114 -29 56 -117 -17 84 79 -36 3 -41 19 -82 -114 113 -33 102 0 -127 103 92 47 25 -104 -109 106 34 123 118 0 22 0 -34 115 67 17 -123 -105 -22 94 61
-90 -62 116 55 90 -86 98 -23 -48 91 90 -12 63 -101 119 8 -25 -50 73 -79 68 37 -60 97 4 -50 -93 19 -123 -98 32 -23 -65 7 26 -10 72 -33 18 -19 -58 48 -89 -107 102 -127 -80 34 -125 25 32 -9 -97 -13 10 90 22 -104 53 39 -101 74 -100 -89 40 97 -2 27 -112 31 -58 33 13 88 52 94 -35 -50 -44 61 89 118 -124 27 -87 -57 16 -107 13 -97 28 123 -37 -40 -43 -41 -28 46 -114 -57
107 45 55 85 114 63 -120 -39 113 -71 117 -74 -68 -120 12 -125 -72 46 58 -30 -40 16 -90 65 67 85 -67 -38 -7 -104 67 115 -78 0 -33 48 115 -52 74 -41 -94 -79 -96 -109 -52 -81 -122 97 32 -48 3 -66 -111 -63 -76 -115 5 -51 -20 26 113 57 -60 2 -63 -42 -28 -1 -101 19 28 -76 -94 -26 -29 -13 -66 0 -99 111 54 78 95 24 -24 15 123 -32 127 -127 -44 -107 -98 21 115 99 -6 -65 -111 -45
-112 8 45 99 51 87 20 -113 127 90 -16 40 -34 32 -95 8 52 4 35 34 94 79 -106 33 111 -47 32 -92 92 84 -5 91 -61 83 -31 44 29 39 0 54 41 -26 -18 8 -47 -26 -47 103 -78 -83 -98 -1 102 -30 -119 109 -71 60 -89 -37 -51 -126 50 21 115 22 30 103 22 -31 26 -125 -7 -98 -82 82 126 117 102 -21 28 -52 2 -25 117 93 -14 52 34 127 90 -54 39 57 87 -72 -113 45 87 27
-78 -78 3 51 50 122 101 -34 -29 3 -21 -68 97 80 -103 10 46 -69 -84 -126 -59 -82 101 -45 -91 44 -5 71 -10 9 121 54 -14 12 98 -120 -88 -1 -3 18 -47 -21 -103 107 -115 -38 85 -111 -113 82 -119 -27 89 125 46 38 -14 123 19 113 -101 -74 -108 -118 -47 -108 28 117 -9 53 13 8 59 -8 7 65 -33 9 -56 123 89 11 1 2 -42 -16 -75 109 93 86 -3 112 -54 97 39 -30 -88 112 78 -97
25 -34 55 -52 -99 7 83 -59 -53 -66 117 -109 -46 39 99 121 8 75 -39 -91 12 14 -50 115 59 8 -47 -89 62 -79 -108 -88 50 39 -94 -50 -31 58 28 32 1 125 89 -40 101 47 -30 28 59 11 90 32 41 -70 -82 28 3 -52 22 65 -13 -21 -62 116 27 5 -106 26 -65 12 -99 -118 -47 113 113 -56 -40 84 -3 -40 -44 -81 -75 -66 72 110 -56 -27 -3 30 -70 -40 0 37 25 -96 36 -37 -127 -96
55 85 -103 54 44 115 -32 45 9 59 -104 38 81 -19 118 102 -107 23 -33 66 -57 46 -56 125 29 -59 -4 -7 -79 18 55 99 -58 89 -90 33 -111 108 8 -102 -33 127 67 55 45 -60 52 -10 77 15 -81 -127 -125 -98 -84 124 26 -111 125 -118 104 15 -126 -111 -5 7 -63 7 -35 86 110 121 -37 83 -29 11 -11 -40 125 -98 -100 7 74 115 -39 62 71 14 -68 -24 81 59 -80 -119 53 76 127 -2 -117 98
63 -60 36 -18 90 51 1 -126 -10 27 -48 -13 32 55 -67 7 -12 -47 94 36 43 90 -77 118 37 83 -52 -73 -61 13 -127 -11 100 -71 16 -113 -103 -107 65 -48 59 17 -29 46 54 -56 -4 -96 -112 80 2 58 -33 60 -102 -105 84 -29 -18 -81 43 -46 -6 55 -69 -112 97 80 -17 -44 -77 -25 -30 -121 102 59 113 69 85 32 70 -88 -38 68 36 -95 88 -117 -72 -92 17 20 81 57 46 124 85 66 28 -36
-12 19 86 60 116 30 -48 20 70 101 96 30 -63 120 94 -66 26 -63 -55 -10 -57 47 -45 -44 -69 26 -83 42 24 -89 1 23 -111 69 -101 -64 12 75 -113 -49 -126 -26 76 57 23 -94 -16 83 90 66 -83 -108 31 97 83 -125 -59 -63 -25 -24 -90 35 -71 -92 4 -95 0 -64 -67 114 22 -22 -100 17 -1 -34 -42 93 76 -100 -105 43 11 91 99 28 17 -67 1 18 6 89 -126 -121 -78 -25 80 63 115 118
-114 45 42 124 -74 31 24 75 -25 119 -64 46 82 115 119 -64 62 61 36 -125 -69 -97 71 26 20 -42 28 -7 112 -82 60 -78 36 43 52 -97 -81 77 91 36 52 49 -119 10 77 93 60 -89 38 91 -59 6 -51 -4 120 -93 -2 15 41 61 -127 21 -51 -18 -56 -30 59 44 -93 29 2 -4 -16 -104 -18 96 104 -35 -73 47 -117 18 124 -22 -5 44 -36 -44 -14 -40 37 -8 -77 76 19 -1 102 -110 -97 92
74 -26 42 15 -45 74 50 -69 13 25 -61 80 12 116 -88 -37 -96 -83 44 49 103 8 103 48 1 -10 3 124 -86 -44 -99 89 -96 37 78 51 7 31 -72 -73 46 70 -21 117 44 -103 53 -35 -12 126 -22 -19 93 -115 -9 87 28 -15 117 95 36 84 -13 -74 -74 -54 -15 36 75 -70 -45 29 -126 -17 -64 3 32 -16 -63 -14 24 83 31 2 10 102 101 38 95 -65 47 -109 47 7 -25 108 -5 -15 12 -8
-101 52 103 2 -103 -77 90 -10 123 -69 -6 -106 49 -97 -124 -8 68 20 11 -111 -46 117 -78 -38 53 5 -63 53 -97 14 -87 -97 11 -6 -96 42 -22 59 -2 0 16 -103 -104 23 -5 -25 -122 41 2 99 99 114 47 -32 -35 -123 70 -16 -49 55 -53 -15 112 -45 25 -124 10 36 30 -124 -125 -32 -102 -15 -44 -9 -6 -75 47 -114 113 106 86 -43 108 -5 111 60 125 75 45 10 -44 16 -82 107 -9 -63 121 -54
13 74 22 -37 91 -67 110 24 -48 -31 -26 107 92 95 -16 105 100 -57 18 -19 -10 48 -43 101 118 -2 79 42 123 -6 25 -125 45 -39 -32 -52 63 -116 64 -66 20 127 -31 96 106 5 63 13 -90 -107 -13 26 -42 8 -111 54 93 46 -91 74 -14 -89 31 50 123 -71 8 14 -36 77 26 60 -118 -50 83 94 22 -100 -99 23 1 18 -32 -109 75 22 100 -59 2 -107 55 -50 40 84 -121 -88 60 -50 -78 57
8 -37 -111 25 -117 -109 114 73 -112 78 119 120 10 -60 -5 77 -63 -49 27 106 49 44 48 -105 -101 34 -31 40 -32 91 -32 -109 22 -22 -28 109 -12 -52 -70 -58 91 -101 -59 -25 -2 123 86 127 -31 -76 -43 -120 116 96 -42 12 112 -41 -65 10 29 -88 86 3 -24 127 90 -44 92 -58 -25 27 60 -116 79 -66 -80 104 16 119 92 -63 87 44 14 78 58 127 -47 63 75 -5 20 15 4 -127 -120 -91 -125 -74
65 48 77 90 -89 -113 -116 -107 33 70 -12 -103 -38 -26 -67 -58 -19 45 124 -32 3 29 127 -85 126 -89 81 95 -2 89 -14 97 89 29 -95 -79 -95 84 -52 108 20 44 -42 59 48 -57 103 96 -34 124 -106 37 -81 -8 -20 69 24 -98 -26 -71 13 95 36 -113 82 -58 29 -53 -63 -28 43 -70 -79 -78 5 66 -40 -69 85 -43 102 -84 88 -124 -115 -78 2 -16 -10 -77 -2 -102 52 36 -68 106 79 -41 53 -11
40 8 43 -66 115 30 75 -67 -79 55 -33 -27 -112 32 -114 -42 120 4 98 70 -70 -92 80 -62 -83 -17 23 26 56 39 69 -66 -104 39 -10 102 -78 11 12 -5 4 -22 99 -126 -85 -78 -85 60 70 -79 -95 -13 74 13 -44 71 -102 114 0 118 -16 -82 -64 114 21 -125 91 -85 -127 -12 12 -3 -11 -21 -87 -75 -84 35 37 123 70 -110 68 49 19 108 -73 55 105 -33 61 -47 107 -80 -42 58 67 57 -30 83
38 -53 98 30 47 -37 -122 127 73 -113 48 -74 -1 -24 -56 47 45 22 114 -127 3 -49 -28 17 -42 -115 -92 -16 96 -68 103 -32 32 -5 -124 19 -70 72 41 119 -83 -64 -110 -30 -104 -64 -67 -98 44 108 -63 -68 104 25 -46 -47 -121 -88 -7 -115 -20 113 85 40 115 -122 89 72 -86 55 -87 123 6 25 21 -121 -68 40 -34 -21 45 83 40 -35 -96 -84 93 113 -76 -75 -78 47 -119 -18 -123 -109 -80 -122 -12 -124
-94 -121 -43 108 62 -105 43 -53 15 40 66 -49 -34 -83 -55 35 98 -10 -4 73 67 -124 -35 23 15 -105 106 -21 74 -69 -22 -35 -99 47 -107 -32 99 -125 -120 42 88 -123 55 15 108 -56 -117 -86 -117 -12 101 -80 -49 -69 104 73 -4 -121 69 108 120 -123 11 38 78 29 -82 111 95 69 -91 112 0 100 47 4 107 77 -60 -112 -35 115 -110 -89 2 -10 114 -47 -2 -35 -20 -26 88 -112 -19 54 -104 16 -89 42
-2 41 98 -126 -107 -18 60 93 95 -63 60 85 -124 -97 -46 -31 -60 125 54 83 87 -43 6 -18 -58 65 -33 84 13 48 117 -54 -115 108 15 33 9 74 15 3 -98 -21 46 -20 62 -95 -46 89 -68 -114 -68 -55 -7 -101 -84 -116 -44 33 30 -17 119 61 23 74 46 -86 106 3 -86 -74 35 83 60 -19 16 7 43 -108 81 -6 -43 -116 -93 -84 -62 -114 -12 125 -44 110 123 -93 95 30 101 81 -42 -95 22 -60
118 -125 32 -127 114 -78 65 -19 -103 -101 83 -45 -14 -19 -68 0 -8 -42 -114 97 -94 116 -11 -96 58 -104 -93 -70 122 23 55 13 -6 -123 93 -59 -63 -98 -60 -50 5 -86 -107 -12 -36 -110 -51 -65 -85 49 35 -96 77 -125 127 -60 114 89 2 53 119 4 -46 -22 -10 -115 -34 -36 -96 80 23 -4 -30 20 -12 -8 94 96 34 119 26 -15 127 91 -97 -14 -33 -86 124 -120 34 -126 -80 93 16 6 -104 15 76 -76
25 60 -124 124 -49 -102 37 59 -93 5 107 -28 89 93 -115 -34 80 -55 33 -26 24 -77 75 -44 69 -109 -85 101 -53 76 -67 42 -68 103 37 -89 67 -65 -127 -118 -101 121 -20 3 -33 -110 47 -13 -45 -82 -31 42 101 61 90 -60 124 -105 -91 -115 -17 -20 -50 19 106 4 115 -49 -11 -72 -117 89 -40 10 -48 -87 -4 -97 113 -90 -53 31 121 -123 38 42 51 55 99 63 80 6 -14 -34 -77 -95 119 3 32 -51
-20 87 -72 42 -71 96 -34 5 103 -81 -64 24 -73 -28 69 29 -97 -109 -58 35 -101 -34 -90 97 108 -10 8 -93 73 55 16 -104 95 124 28 112 -65 110 -17 -54 -104 75 44 14 12 81 -115 -115 -127 -16 95 91 65 101 -35 7 -60 -6 -127 28 116 -73 15 73 -43 -30 109 -13 -6 110 -111 -75 -107 10 23 -70 -96 68 118 26 -45 -48 12 28 -117 -73 -117 -56 -112 2 -87 -73 20 -5 120 -6 66 -99 -10 41
90 -48 47 -92 47 -55 -40 57 -47 -57 -67 -122 -34 -65 -29 87 21 -93 -41 -1 33 45 106 15 66 90 109 -126 -93 91 92 101 0 104 -7 69 -51 -78 93 89 -127 -77 -2 -105 115 30 63 63 -121 -106 -9 25 -15 -15 -113 53 -31 -68 -86 50 22 92 -69 98 -101 81 108 -124 23 -108 68 89 78 121 64 33 20 -117 24 -16 127 -48 63 -83 74 50 -19 96 -67 49 -120 47 92 124 -99 -26 -59 -56 -41 43
-27 120 69 21 21 -123 -96 42 34 52 -13 68 20 77 42 87 -124 15 59 -88 110 -75 -77 81 -38 -35 -45 -126 2 126 -121 111 -64 -109 126 -27 -126 19 -18 -72 -39 13 -3 -33 -103 44 63 -77 23 -10 -101 -80 5 126 125 7 -72 51 84 57 37 -21 -118 -83 47 -43 -67 -100 -122 -14 8 78 40 -28 31 123 27 -81 -23 -18 1 70 -109 74 86 -16 -109 -21 73 -103 86 -15 -116 -48 -84 -34 28 49 30 17
43 111 -62 80 -119 -4 -20 36 57 21 -17 25 -27 -33 105 -121 7 21 114 95 -24 -116 -21 -108 85 95 121 -112 25 -8 95 122 -5 104 10 44 -17 103 79 62 0 -71 93 -9 -47 -52 108 -41 15 -114 14 -52 27 -19 95 116 -18 -10 -109 -26 -66 78 69 120 -17 -96 -44 -68 61 49 29 121 80 -100 104 -40 58 54 127 -69 26 108 86 -51 110 -40 -28 -62 -78 -20 -93 -100 81 80 -60 116 -56 -16 -64 29
-39 110 -8 -103 -106 -56 -103 -55 -78 1 118 83 -51 17 -40 -7 -9 117 109 97 -58 -59 4 -49 -64 -28 -75 44 77 -87 -120 -70 -37 -70 -32 -32 -78 -43 74 -75 126 47 24 -91 -29 108 38 -44 61 70 84 18 105 106 -40 -120 119 54 -38 -8 -99 -1 1 -43 115 26 66 62 16 53 -126 -28 -50 96 -43 4 41 -127 71 -77 -42 -68 72 -94 83 47 50 -106 56 6 48 -19 -4 -67 -122 -76 29 36 24 -31
-112 45 -87 125 -10 -7 -113 110 -82 35 77 -96 -103 87 26 101 52 27 -70 -99 8 -94 -9 33 -54 -45 -108 -64 -12 7 -70 78 -120 -36 36 82 104 32 -77 -97 -54 58 61 -8 1 -81 111 47 106 99 -28 -18 64 79 17 -92 85 -6 -118 -50 69 75 -25 -27 -51 -62 -36 -10 -81 76 38 -114 -46 52 -60 58 34 54 -80 -17 -125 -34 -32 82 -56 34 38 -43 66 -86 41 -59 101 -97 0 -106 -46 -112 -98 -103
-105 1 -108 -29 59 -10 -17 -38 60 -96 126 97 7 -4 -59 -73 74 -102 -22 0 118 36 -29 -112 53 -97 -42 6 -41 20 -39 -5 86 93 60 -110 18 0 31 -68 -66 -71 -12 -77 79 -32 76 -1 1 -11 -36 -79 -60 70 26 -89 -76 22 -45 38 67 112 -57 -30 -105 103 -109 -64 -113 83 -23 -86 37 25 54 8 116 92 1 -77 -123 -78 -52 52 18 -49 -9 15 2 124 108 -64 7 80 -54 -77 -41 78 5 -119
110 -36 -36 48 -109 100 -73 -106 -68 -95 -14 -14 -34 122 -79 55 72 -12 108 -48 -86 -125 -59 -104 93 -25 -51 34 125 -90 -51 20 124 -19 111 -20 39 -3 -105 -87 80 -17 63 -54 -63 -85 -78 -84 -81 10 34 107 -44 80 -4 -114 -108 -44 1 -125 -6 -36 58 -84 -32 49 127 -52 88 -62 100 -103 -119 -117 114 -120 55 1 2 22 -94 -111 -98 107 -26 122 -46 4 -109 10 115 17 76 63 105 -80 96 -56 7 49
-43 -40 38 127 -8 39 99 118 -120 103 122 28 8 -107 -39 14 -3 -67 -94 101 116 43 -36 6 -37 14 91 -37 119 4 -93 -89 31 89 60 -4 -62 121 120 -76 68 -104 -119 17 65 -84 -39 122 -4 -120 -113 -57 -60 2 -127 -59 125 111 -69 -33 88 66 86 -50 -50 -37 -105 -63 -84 -95 119 -127 57 -25 -63 -76 8 124 -60 4 117 4 90 98 -63 -101 89 100 -82 -90 99 -1 24 109 -84 -67 125 -37 22 58
-26 -62 -32 111 -69 -32 -21 -55 51 -98 -92 104 125 91 58 -106 -57 -35 -49 -65 -115 -20 94 -101 109 -45 41 -108 -43 -11 40 -78 -106 -58 39 -61 -97 -85 58 -21 35 -24 80 84 -51 -17 -72 21 -88 -14 -60 -12 -80 -95 -40 -33 109 -24 -82 -108 47 120 -3 5 92 -122 -43 69 43 -94 -4 -83 -108 -46 -76 -95 -125 -24 62 107 -92 24 -86 63 83 -95 -2 -111 112 -43 52 6 -111 -12 -24 -83 -123 -67 27 90
-27 -24 -62 -75 24 -97 67 -113 -4 -21 15 93 -115 48 17 45 -55 120 -10 94 -40 -108 -105 30 -125 0 -78 94 105 85 114 -47 30 72 100 -29 73 -47 49 46 8 -38 83 -112 -106 -75 -43 19 71 110 22 67 -117 -96 110 52 38 -5 8 103 65 18 -26 -89 -52 81 -26 35 -110 -22 -30 110 89 109 -80 -122 -17 -96 -76 65 5 -82 -32 48 46 104 90 21 85 19 63 -90 -24 38 -60 32 47 -60 75 82
31 -82 47 84 20 85 -75 42 100 -31 62 18 -96 47 -112 115 13 -74 -36 -28 93 -77 35 -73 59 -25 3 109 -122 -12 74 72 -39 -13 -33 18 -1 75 27 -54 123 -16 -48 24 92 23 21 -95 22 117 -51 20 38 -46 11 41 35 -20 61 -93 -33 82 43 -34 2 -37 -98 64 -24 -49 -74 -108 41 -19 29 -78 82 -9 53 -114 72 36 125 15 80 8 -65 -24 28 1 -36 67 47 -62 20 -90 -72 117 -57 -31
-9 -127 -1 -21 78 -76 47 17 -90 -2 5 88 -117 36 -14 61 -86 -43 107 -105 101 114 84 3 49 29 -4 104 54 -15 5 121 -54 97 57 14 63 64 -117 -98 -14 -26 -117 -18 -115 -123 -61 -38 -18 -127 -45 85 1 -82 -92 4 -4 -37 -63 -125 37 79 0 -94 -57 100 65 42 56 60 -123 14 -39 110 87 97 -52 -122 46 -119 -50 31 -112 -124 61 -28 -122 117 -62 -116 -80 89 112 79 -46 -56 74 30 -76 -107
-98 30 120 -21 -34 -77 115 126 -123 16 -69 -55 105 42 -71 68 -125 -7 -79 -86 26 82 -67 0 -77 -13 -114 84 -123 -62 -93 -47 -29 78 75 -50 122 75 -73 -120 -31 -3 86 -109 78 -21 124 -18 -27 15 99 -20 58 -113 -102 -88 -115 116 118 123 41 67 104 119 20 -16 -121 -109 100 105 -32 -91 -111 25 58 -55 70 -107 104 8 0 -29 -113 -8 15 39 -56 -111 -97 42 -125 -85 -75 -88 81 93 71 47 103 57
-46 16 2 -58 -66 42 65 -56 -47 -95 -79 60 -121 113 23 96 1 89 9 13 123 107 -43 -5 -15 -37 25 65 74 42 54 -105 -105 -69 -107 -108 108 111 -52 109 67 66 -34 -23 44 94 58 -21 110 -44 67 30 91 75 -66 -1 -25 14 127 -50 -51 -86 58 -108 2 -116 -105 101 -65 -77 -5 17 -30 -44 20 77 62 -118 30 48 61 -47 125 51 -69 -6 31 28 -94 122 -8 -69 112 44 106 29 -124 7 121 -17
-118 -99 15 77 117 51 -19 43 -5 61 -111 94 -50 -124 11 105 98 -96 -23 -70 -6 -88 88 81 -105 -91 -2 103 55 34 -76 -54 -43 66 18 57 98 101 -106 -54 65 50 -102 66 124 -42 32 -125 16 -46 31 -103 26 -1 -6 109 101 -121 63 -100 20 -55 -116 97 103 -80 2 90 14 94 -57 -6 -40 75 -97 33 -80 23 -124 -113 61 110 -112 122 -109 93 -23 -86 106 -7 -2 24 -44 119 -83 -54 -96 125 42 -91
-72 21 30 -12 67 6 -122 55 -100 -85 -100 37 53 9 21 49 31 -77 19 43 111 -32 58 -121 90 77 103 -24 46 34 117 -63 -33 22 55 84 -93 -92 103 36 53 68 33 7 99 -40 47 -44 -117 -5 -51 53 122 103 -118 -47 88 -14 -5 39 -123 -92 -25 10 -88 -6 -14 74 64 -94 -94 -76 -88 -112 -25 55 -86 -46 92 -54 59 -112 97 92 29 -52 4 64 69 118 -2 -118 -38 -82 48 -86 116 17 -59 118
-55 38 116 22 -50 101 -114 65 90 -82 -25 -41 -112 74 -87 75 -19 -42 82 71 0 -11 -30 104 80 53 -122 -119 -13 5 4 58 51 -56 -103 68 -49 13 -108 -76 -78 84 76 81 -70 -98 -73 -87 81 -51 93 55 89 -127 -26 -18 -107 -120 6 24 30 -115 -5 -49 62 108 26 -100 43 73 51 -4 -77 124 -55 32 75 93 -62 16 -22 -11 118 127 -27 -22 -105 99 7 -41 -76 -112 -16 -4 -23 -68 -14 -87 80 54
-109 -85 -25 -107 48 36 90 67 -41 21 44 82 -28 63 113 46 -14 31 50 -7 -4 48 -68 8 76 106 -14 -25 -91 -110 -119 -116 77 -14 28 58 -116 -64 48 9 -19 -67 -85 -24 125 -27 -19 -49 72 85 13 27 76 69 5 109 65 -9 23 43 -29 -88 49 -12 75 -97 55 -108 75 -42 115 -123 -80 -13 5 -60 -45 118 -20 89 76 1 31 -19 -97 121 19 -22 108 -7 -105 62 -28 106 -79 -65 123 -67 113 87
-85 -62 72 -28 -59 121 2 -104 0 17 -67 15 -58 -121 9 -124 101 -59 -99 -99 -70 55 33 -48 -88 -79 -105 -126 -38 122 106 110 -53 -112 110 -62 -126 105 57 59 113 122 -73 -52 77 -13 26 30 -50 48 21 73 22 -10 -118 18 -108 -43 32 66 84 -46 -81 5 82 -12 65 -90 -127 -58 110 91 52 -40 14 -91 115 -44 -73 -112 13 -24 105 26 46 10 -36 77 80 -21 10 92 -107 -83 107 82 42 -34 7 -107
-2 69 -78 -120 -19 -86 -114 23 -114 -99 -81 -101 -119 36 -72 -20 -49 -98 15 -96 45 13 -60 -122 -84 -96 -86 -61 90 0 -5 60 24 102 43 -53 -111 86 97 -99 104 15 124 56 92 72 -71 -75 54 -115 -89 20 -66 -101 -75 86 -120 91 74 123 97 -27 -78 -47 124 11 25 -37 11 51 34 88 -9 -74 -53 27 -106 32 102 69 -67 7 -14 -66 60 -73 -1 -1 126 -118 -110 -12 -114 17 24 -1 46 84 -70 -7
99 -20 61 66 -77 -73 7 -8 79 -78 -62 41 -9 123 10 105 -86 87 13 -69 -80 -33 -107 -3 -41 -110 -19 34 -117 -15 -45 -41 -28 20 59 12 102 126 48 7 43 -125 27 -33 107 -43 121 -51 -52 -72 108 -69 -59 -124 101 -38 -96 -125 68 -70 6 91 96 84 -115 16 -20 -26 -26 -87 -113 -28 23 122 114 75 -80 -31 6 -20 -86 -25 -72 124 -116 18 -31 53 68 100 21 94 -44 -9 8 -92 37 70 -35 117
93 -34 123 119 93 -45 -70 -73 116 -93 13 -40 21 12 -126 15 50 -60 26 -51 107 96 -120 6 -98 62 5 -64 61 113 78 36 87 35 48 -86 85 100 72 -20 23 47 -37 60 -20 17 -53 -127 -113 -48 -2 -80 89 90 76 -108 -34 114 58 114 3 -110 111 -80 45 -63 40 74 112 -40 -61 59 -29 107 -106 -111 -51 -64 120 -127 64 -126 -96 89 65 88 -108 67 114 -75 100 -12 -103 48 -123 -63 -8 15 23 -98
115 10 36 -102 63 79 -72 123 -42 -110 -41 -43 106 8 -33 50 53 27 -46 14 112 70 118 79 85 -77 101 38 -108 -93 -60 -7 -58 -72 -99 109 -127 15 -107 82 -28 74 -42 -64 -24 33 -55 34 19 -64 53 -72 -69 125 -97 -93 -101 -117 93 -44 102 48 -20 -113 121 44 -38 95 58 75 -8 35 87 83 -47 97 -62 77 90 109 -109 -89 109 -48 79 57 -87 -6 -27 -7 -86 -118 84 120 116 17 15 47 -19 -23
123 0 -90 55 -102 -93 81 62 -66 48 46 106 -62 92 61 93 86 -8 -71 79 9 68 -35 52 -97 -33 125 2 -109 20 -85 -19 -38 -104 78 -27 -93 -56 111 24 15 86 -36 121 60 97 72 -61 4 -23 74 -112 24 13 -63 17 -28 98 -59 108 -123 43 -7 -110 71 -2 81 -42 89 79 -80 -109 -35 -4 124 92 79 -45 78 116 -21 -22 5 -111 107 -68 -60 -94 -86 -41 108 5 60 -24 118 12 22 -117 -120 28
-113 64 -119 76 92 121 105 -36 76 90 62 -73 74 -80 61 -21 -16 -22 -83 -73 66 -31 104 37 -79 50 83 104 81 81 102 3 -63 122 -69 -99 59 109 -80 -103 124 -125 -107 121 -108 5 -10 55 38 -11 -92 -84 -46 -27 -50 89 -116 -34 -75 -35 -60 -103 17 19 -23 -23 15 -77 114 63 87 120 -40 -16 -33 91 86 -107 76 33 8 31 -114 -76 26 116 -71 -61 23 -100 -44 110 79 55 -38 -78 -84 -33 83 28
-7 -116 101 90 24 -6 -83 4 70 -43 28 -110 -86 44 -56 -121 -36 -23 -120 16 -38 38 67 6 6 -58 37 -37 124 1 19 -92 105 -77 86 72 87 72 -77 93 65 47 -56 37 -70 1 -89 100 -125 -126 93 -15 80 -16 -113 63 -49 49 -69 -118 -9 -93 -84 62 -94 -96 50 -83 83 68 6 2 -127 -59 -39 67 61 102 -42 76 -59 55 59 59 -98 -93 -38 12 -13 39 67 120 75 102 -77 -37 -117 -88 49 57
-29 75 -24 -85 0 83 31 40 39 98 -19 -112 103 94 91 119 -94 30 -58 -127 24 -99 39 0 32 115 19 45 -38 -18 -85 -103 -69 -5 -30 -85 -40 -61 121 113 81 79 -59 38 23 127 62 -64 30 -98 12 78 -41 -24 119 -59 -94 -11 -45 -102 66 60 -42 6 -49 87 -116 61 -110 -110 56 83 14 10 -29 77 91 47 -44 -78 58 -30 39 -38 -6 97 -110 -27 92 -76 89 123 17 -9 112 -55 -118 36 -115 19
109 -86 55 61 -109 105 116 52 65 6 -92 73 7 79 -115 105 -52 -127 -3 -34 115 -15 -95 -57 -56 -55 -121 70 -34 -8 14 49 -23 53 110 7 -116 -69 -89 -95 3 120 24 -49 -22 -91 -10 103 0 68 71 39 -87 9 58 -115 33 12 78 22 69 9 -35 -108 -73 17 1 117 -44 124 42 -92 8 -54 -105 -97 50 60 76 100 -16 37 -83 -87 -118 39 -96 -73 27 19 -104 -19 124 18 96 -116 51 104 -46 94
116 -83 -92 98 12 -81 -36 -77 120 119 -46 -37 62 -96 -93 -113 -104 115 76 -25 29 35 -88 121 26 -20 -125 -9 55 11 39 2 -86 22 -109 82 17 -67 -53 48 -83 -87 18 116 -32 124 -100 -116 -29 -86 -74 -90 118 67 77 -35 -102 41 98 8 87 23 -66 -27 33 -86 -19 -27 7 -65 19 -23 24 47 116 91 -52 -83 32 -27 -44 32 -64 -19 11 47 19 57 38 49 108 37 87 123 85 54 94 -71 111 -83
-80 -42 -97 -81 -26 39 83 -27 -24 -17 -64 -121 106 -25 1 -120 -101 -59 17 98 108 -119 106 -105 -125 71 -73 34 36 41 -43 85 86 -122 71 99 54 124 -93 86 -40 -49 124 2 29 -54 2 77 33 -113 120 -8 -37 -22 36 21 73 74 81 -70 -71 25 -92 -54 -41 114 -23 -32 -86 124 70 -53 102 101 89 115 -94 -58 -12 58 50 -72 -44 75 120 -105 2 -24 23 -61 -65 86 -82 72 -43 -81 -5 34 73 114
-42 74 85 -27 3 63 86 10 -73 -48 -41 38 21 9 16 113 45 54 -75 96 68 -62 -110 -61 0 91 63 107 -33 -74 107 -89 -40 25 98 -50 -33 -19 -39 -95 90 34 1 69 -39 18 -89 19 -105 -54 -41 7 63 -74 -60 -93 108 67 117 60 -98 64 -6 -46 -127 50 69 104 34 71 -48 -26 42 -3 37 -77 -100 -80 -84 16 -20 73 82 -121 39 77 121 93 -36 -73 -90 -57 2 80 -34 -53 24 -27 -126 -44
-35 72 71 103 -26 87 -57 3 89 -37 40 -55 -23 -84 25 -17 -102 -1 33 83 -57 -109 -115 -56 -40 60 125 -18 4 54 114 -121 31 -30 113 83 -67 -103 51 -61 -96 3 -64 52 119 -69 3 62 -125 -123 -62 45 55 -40 113 83 -101 120 68 -120 116 88 66 -11 63 -3 -27 -77 -67 99 108 36 -70 -3 82 60 -33 -90 111 67 100 85 58 30 -124 -32 -77 24 51 -58 -79 -105 -123 -27 -20 33 -19 -122 96 82
-116 97 100 -34 48 16 -35 -104 -90 -94 60 91 -16 -56 42 -95 68 -63 24 -108 -80 -38 17 -66 42 35 50 77 -53 -113 -24 54 67 8 -51 47 -65 100 60 99 100 -119 65 -107 71 -62 30 -116 47 -65 -22 12 -119 101 36 30 -57 -28 -70 -83 83 97 44 80 -105 -65 38 2 -87 -69 29 -81 45 -93 124 58 -124 -96 90 -9 -25 104 73 91 2 -111 -47 -7 29 55 -113 -63 -20 -95 -102 -7 48 78 16 -3
37 55 -8 125 -1 50 5 -69 -106 -66 121 -126 106 -52 -22 94 38 91 -9 -88 15 123 68 -88 -70 31 19 115 52 108 109 -9 -70 44 86 24 -22 73 -18 -10 15 -45 -126 19 -114 93 -93 -126 -34 95 -22 -75 54 25 -60 -75 -123 82 46 109 -68 85 18 116 48 46 -101 95 84 87 57 -98 -53 117 112 -27 -123 104 127 -13 -89 -14 -64 116 -61 14 51 112 -127 8 35 5 25 77 23 -63 -118 105 -11 -96
46 -18 -76 123 110 119 58 4 -62 -107 46 -104 115 -21 0 102 11 6 -64 44 117 -81 -35 1 89 83 -8 52 -70 -2 81 47 -48 100 -122 -62 88 56 -43 111 104 120 -74 50 -124 30 -6 65 -54 -77 114 -22 -113 -28 114 7 9 -32 124 -12 -104 19 45 -22 -121 -76 -96 -41 -57 -12 -75 -40 66 125 63 12 46 -67 100 84 -1 -124 85 79 44 17 65 67 52 -2 123 -12 -101 -74 24 -63 108 36 -96 113
-119 67 125 -49 86 -30 -114 15 -89 -123 -125 71 100 34 -40 -97 -16 10 26 -54 40 36 121 92 65 20 48 -7 104 108 94 -84 7 -105 -10 120 -127 -42 -51 -117 30 -99 -29 -102 -106 -102 -113 -8 -19 40 -99 -107 14 -97 47 110 55 -15 -4 115 -103 60 74 53 -96 -89 50 118 0 -83 7 122 84 72 -17 24 -78 -114 -83 -108 15 -41 54 -40 -109 -83 -3 70 -123 32 11 -64 52 -119 64 -67 93 125 52 -44
-73 93 120 22 -61 78 -9 56 -80 -80 127 105 -15 88 -62 75 106 69 95 -85 -94 37 106 40 -32 -93 -65 122 24 85 -124 29 -43 -64 -39 -7 -20 15 -9 52 112 -50 59 -54 75 105 68 -73 24 35 73 30 -35 42 -30 -98 -56 -54 -86 -110 -21 20 27 17 -97 4 4 27 -74 20 -46 -108 -7 13 28 118 -11 -71 -97 80 15 54 -72 46 -37 -60 -80 56 -68 -97 -116 -17 32 -121 -16 -44 -110 67 -102 -66
125 88 -112 -10 -46 -92 -100 30 -123 16 58 -55 11 -93 112 48 1 -26 57 -114 94 -89 98 -25 102 -29 96 -84 119 67 28 -101 20 -118 13 -117 -41 -51 4 -25 -9 -114 74 11 74 67 11 108 23 41 -17 78 -97 83 -59 6 -70 109 99 -15 30 48 -100 -21 -104 -39 -42 -116 -5 -69 -61 6 -2 -111 11 -28 -56 -10 -77 111 100 34 -3 -114 -30 -124 126 90 -13 -15 -18 19 -125 -15 56 -107 112 -66 -40 -62
-101 -37 77 -17 127 18 -16 -51 -30 -26 114 -13 88 61 -122 94 56 18 65 57 -65 -107 -49 7 -19 -103 -91 -85 -105 -60 73 48 -9 118 17 8 1 60 89 -19 47 -32 -73 10 33 29 -14 114 89 -111 -75 -86 -121 83 -96 -27 93 -45 -84 34 -117 -37 75 -58 30 95 -96 108 118 -12 53 -97 112 61 -59 -38 31 -93 -118 5 -115 41 68 -43 -18 -49 -34 78 -51 -100 -94 67 -1 -53 -9 -30 91 30 59 75
-80 -9 -28 -93 109 -74 20 -85 33 -18 -80 65 34 -50 -3 -64 35 126 -119 103 -68 50 -98 65 -33 -72 -5 77 91 18 -100 -47 113 6 76 -68 -6 118 115 -121 109 39 -14 17 -113 -32 -6 60 -6 77 39 -65 11 -33 83 -99 48 -77 -37 -73 -106 73 103 -107 -16 57 76 -28 -4 9 20 -14 41 -38 -68 17 -97 -24 42 103 -35 30 -73 53 -107 86 -14 -124 71 40 69 -31 -13 35 79 60 -61 -115 -123 79
127 91 93 -95 88 85 111 -111 103 -1 63 -100 71 84 -9 -62 -81 21 14 -30 -93 17 102 57 95 127 -38 -59 57 -101 100 97 27 -26 99 -101 -20 -84 45 -51 84 -76 119 52 -67 -97 10 1 -59 42 37 -127 -21 118 -126 118 65 86 -52 9 -28 8 108 -116 -30 104 8 101 103 5 57 -22 -127 -114 -71 -42 44 -44 -76 119 24 -96 49 49 106 71 -44 89 -121 66 109 20 -102 -120 -79 -14 118 57 -101 51
-96 -127 -26 44 10 15 42 -47 -45 -50 -106 24 -98 62 83 -17 95 -68 81 84 -39 18 123 37 -47 43 -120 112 54 27 -106 -84 40 86 5 -74 -22 70 -108 -102 -113 -1 78 0 -103 -83 15 43 40 -69 -82 64 -39 125 22 -14 88 101 -45 -82 28 -8 126 -109 -88 -17 77 14 -114 121 -22 -66 -89 -26 21 6 -41 73 25 -27 40 126 -68 1 -110 53 4 121 -66 36 68 -1 125 -46 -47 96 94 8 2 -45
-104 -103 -127 35 48 -44 77 -57 -37 -14 25 -38 -43 -30 -13 -127 95 109 -90 69 7 -40 70 110 -20 55 39 88 -35 -56 8 110 -68 -40 41 -47 -107 -54 94 -52 -68 -104 -55 1 -64 -118 39 -6 -110 -88 17 -120 49 82 108 49 16 -24 79 41 75 -23 23 77 -56 66 65 -68 -62 -16 79 114 -82 28 -69 -85 126 9 21 -98 -35 -117 113 -64 95 50 -85 -21 66 -29 48 -17 -69 4 -2 -98 57 -73 9 -6
26 37 -104 -14 7 -46 -106 55 -10 25 -114 -64 -124 73 -25 -57 -120 25 72 -27 -124 100 27 107 -60 -30 -121 96 -70 -53 34 47 -98 -127 -10 -117 -92 -120 -63 -105 117 82 -116 48 120 107 -76 -2 -6 -62 20 17 -57 -18 28 16 -49 110 -70 -74 -7 25 9 -34 84 50 34 58 -98 -60 120 52 -68 -99 -20 -122 59 38 13 -39 66 118 31 45 15 95 127 -115 36 42 14 -83 -126 -111 -8 90 89 -119 -5 100
-52 -26 -127 -28 -90 -81 0 113 -91 35 111 43 -106 -122 76 79 -104 41 59 -15 -90 89 3 -79 -119 -18 -27 -107 -56 -112 -32 -41 -34 43 88 0 -4 94 39 20 84 -15 42 11 27 109 -52 87 -123 36 112 52 -74 -68 52 -92 -85 45 -106 -6 -51 -11 -60 -118 14 -91 18 -118 75 -25 -55 -23 40 24 16 86 20 -6 36 -8 -64 -77 102 24 -1 -43 69 2 101 -45 -86 -58 -51 118 -95 -95 -26 -22 -13 -84
-11 -120 119 72 75 81 120 126 -126 -103 -100 -61 76 -64 -81 -45 63 31 27 -33 14 -84 -106 -94 -39 -108 13 -122 9 80 -5 30 12 100 -123 -68 28 30 -55 -33 -17 -48 -14 5 -16 43 -77 43 -108 34 53 74 33 -13 -83 -3 -42 103 -33 -8 119 27 -30 -78 -7 69 35 -112 -57 4 -35 11 77 73 -28 50 -31 27 93 79 42 112 58 125 -75 -114 -109 37 98 -50 51 114 3 -45 -23 34 22 24 -47 -23
-118 -2 118 27 -99 -93 -116 64 -22 46 -63 -8 -9 -54 -103 -80 -27 90 -63 127 -90 -54 -81 -36 34 117 -82 -49 -103 68 82 -85 -33 86 -53 60 -105 114 -80 -71 35 70 -27 33 77 53 -79 85 -69 -72 -49 -78 -16 24 39 122 27 -38 84 -122 10 -51 -59 119 -18 63 109 120 86 115 -71 -85 62 123 -41 -54 51 112 61 114 -97 25 -28 28 -2 77 -19 -93 89 117 -52 -34 35 -48 2 115 68 -54 41 60
26 -103 86 -36 -7 -21 93 -20 -125 36 -7 -33 42 97 90 -88 65 -23 -83 -83 107 40 75 -40 -15 -52 116 69 -73 55 12 55 -56 -59 127 94 36 98 76 32 79 -85 -1 -9 116 -102 32 18 39 -127 58 83 90 -108 9 72 44 121 62 -101 -42 119 13 -2 49 -27 85 -123 -72 75 124 95 108 97 -109 -14 57 -69 -52 47 52 -50 -42 49 -100 -87 -79 11 37 -14 -108 -38 59 101 38 61 1 115 50 0
76 38 98 59 22 -105 -59 108 68 -63 121 -78 -68 0 72 53 -43 3 -16 104 -92 54 90 -95 103 91 -39 8 -65 -21 -46 120 42 116 -2 -47 6 -14 -91 94 -38 125 35 35 -61 -64 -8 -44 -51 -35 -98 85 104 -48 121 51 -17 126 -9 109 81 -13 -126 65 -1 -65 -99 -100 96 72 -122 77 -24 -90 37 27 -59 -72 -84 -64 112 8 67 34 29 33 -66 38 51 -84 18 29 -57 56 116 54 24 125 7 -5
-89 14 24 33 -68 -24 -105 -15 18 -72 11 -102 -113 95 -78 -22 40 -110 -114 -96 -37 75 -113 -60 7 -63 106 -73 56 -101 -89 122 71 60 115 48 -24 -66 -92 -124 7 84 -56 107 -56 116 114 42 39 -7 -69 -121 -9 -61 -20 96 41 104 56 118 -63 31 12 -119 47 37 96 94 -54 -31 -31 -114 99 -113 68 89 -3 -34 -62 -44 -55 -16 -48 -34 85 120 50 -29 -64 -10 -125 83 109 45 -123 -70 1 -87 -10 -69
87 123 -114 -75 108 -62 125 -55 43 -100 70 81 -77 13 -101 -69 -102 39 -5 6 113 -44 22 97 101 50 85 58 -92 -37 103 -107 -16 -102 -21 17 120 10 -51 3 28 -106 88 82 49 124 100 -67 -61 66 -17 43 30 4 -5 17 -16 104 30 117 125 28 -77 -32 24 -109 -54 118 89 88 -105 106 102 76 29 48 57 63 -11 34 73 -33 117 -40 82 39 -124 28 -4 -119 -58 95 84 87 36 118 40 -2 -49 -27
-115 33 -70 94 71 12 -68 12 -127 72 118 -92 62 -13 124 81 -2 -107 32 91 -110 31 9 -1 -36 55 77 -110 -126 -10 -90 8 -76 -49 45 -120 -11 -22 -15 -65 34 34 -42 -99 -123 -27 60 120 67 37 6 118 14 -18 80 10 -12 93 122 29 82 -52 -111 19 9 -12 -116 -68 9 30 -66 44 118 15 97 93 126 -55 66 21 48 56 34 76 28 90 -33 -50 -89 -15 -18 -14 -113 103 -64 -15 -42 -10 4 -127
-58 -18 18 -104 62 70 121 23 80 -111 -47 -9 41 57 -115 -86 43 -33 -1 -103 84 7 112 45 -32 41 34 10 103 -58 -95 -77 97 -77 23 127 110 65 13 122 -48 113 32 -69 -106 -89 125 -43 54 113 -111 -102 87 -116 49 -89 -61 114 11 2 2 -115 14 88 -48 69 121 -76 3 29 1 72 -105 113 -13 34 55 26 107 106 93 15 -19 2 -20 -26 96 -80 -112 -125 -72 108 -81 21 11 -86 100 -117 74 20
21 -69 108 39 46 115 -38 -7 -18 -107 -26 -47 -63 26 -2 6 46 63 -24 -34 97 -19 -34 -4 -68 -47 88 39 -92 -77 -46 24 62 -66 -4 -31 -110 100 -76 112 -39 35 45 28 -9 -38 118 -120 -60 31 -57 -60 97 -52 19 -97 -31 -79 15 -46 96 -94 107 -110 -35 -77 87 118 -42 89 -68 -123 -59 14 -7 127 -6 66 95 76 -1 48 -50 109 85 95 -83 -7 32 -75 96 31 -62 -41 -102 59 -79 114 -102 -70
-94 -80 -36 -79 -73 123 96 -123 -94 -119 106 120 109 -101 30 47 -20 -32 -103 -92 36 16 -92 63 71 119 -100 -90 -79 52 -8 56 -116 -93 44 23 105 -47 -45 -97 -63 -85 48 115 122 53 -123 -76 -18 -41 93 -20 -22 -108 61 -21 -115 -49 108 -80 9 82 84 -90 -59 17 -103 -97 -35 -113 85 -6 48 -94 -110 29 34 -28 -95 27 -49 100 89 -20 16 113 -55 -117 -57 -26 -12 31 80 39 89 101 -86 -46 -62 14
