50
12 -25 59 100 -33 9 24 54 -104 1 118 -1 -26 -109 115 -16 -123 -47 -41 27 21 -73 27 -42 88 -118 16 -111 127 35 109 -121 -90 100 1 16 -82 69 -4 30 -54 83 69 -31 4 -33 2 65 106 116
-107 -34 -89 112 66 -106 -66 -111 -83 -75 122 -86 -117 -109 58 0 21 -35 -17 112 11 88 -36 -81 -101 -96 96 109 116 87 -104 52 84 -3 59 -67 -97 125 -70 101 -114 78 -46 39 55 -10 -35 -42 -9 33
82 78 63 69 99 -125 83 125 -31 67 -84 90 55 -68 3 -68 -36 -44 -126 -47 11 -126 17 -68 -68 80 81 62 -112 83 108 16 -2 -99 103 24 -88 -55 -8 -94 88 24 85 -64 20 -94 67 -101 52 73
22 71 13 -48 15 87 -10 -99 100 37 -67 57 102 13 -29 80 63 -87 -120 54 90 -115 53 -52 85 100 0 58 -89 -41 47 125 18 -30 -122 -116 -70 -16 79 -85 57 -50 -92 19 -81 27 33 12 56 78
-32 37 42 -38 99 95 77 -68 5 51 -112 62 -61 7 -56 111 58 -126 35 48 112 -13 -94 34 -36 102 -39 17 100 74 105 22 -2 116 -17 -98 30 -101 74 -62 51 107 -18 28 -71 -75 57 -21 -119 75
48 27 1 52 -23 -20 -4 49 -107 -2 -113 56 -102 31 70 -40 -26 12 -45 -19 111 -105 121 114 14 100 15 -7 70 -111 -26 9 71 -19 -21 -49 21 -88 110 -89 -99 -62 -59 10 35 57 -64 84 5 19
-76 -1 68 13 -9 6 -12 -30 -105 115 -87 -15 41 -68 119 -82 1 -50 -72 87 2 55 122 101 121 -84 35 -72 -94 49 -87 -58 20 -42 -113 -101 -51 88 28 -32 -48 -39 21 -127 -66 28 -70 -126 111 -47
54 21 -77 -21 -77 51 -45 11 40 -75 -86 -75 22 -92 -16 39 74 -97 -79 -105 -71 34 -11 -118 17 -22 66 -106 46 -9 -47 25 -113 70 -96 45 96 -117 -43 -67 64 71 97 -23 66 38 84 -18 -42 85
-22 56 108 -57 116 75 -6 -42 -36 27 100 20 -111 -111 -46 -7 -121 -4 -83 110 -42 17 -50 47 -31 34 -93 -97 -69 12 8 119 -32 46 127 -123 75 -111 47 14 -115 -6 55 -108 23 -67 -67 -28 3 -52
122 -107 -120 11 21 -67 -80 32 27 6 5 -71 102 -118 -46 91 99 -8 -38 123 -94 47 -52 -4 -109 101 15 40 -36 -99 -32 6 102 108 123 -11 0 -107 -6 -19 79 -32 -54 -103 -60 -6 -12 -100 -81 -9
80 -93 86 87 27 -109 -89 -100 42 -83 -18 87 51 -46 -100 83 -26 -89 34 24 -16 -1 -101 -8 -68 32 89 -20 41 28 61 114 -100 -23 -98 68 -83 -14 -8 107 27 42 -111 87 -59 95 -34 -46 -93 -85
-2 -8 38 21 -16 75 -113 -49 -16 125 -68 84 108 102 53 95 -126 27 15 85 -47 95 -96 -73 -118 -107 -38 -67 -83 -8 47 -85 74 118 86 -65 -34 105 -55 -105 -33 -45 36 -42 33 67 -84 -62 67 57
-113 6 -8 -18 14 67 64 101 59 74 -4 41 -16 -106 -70 -102 -112 -123 -100 -11 111 64 46 58 86 -44 81 65 79 64 119 -125 8 -123 6 18 14 -127 81 48 46 34 127 -52 -113 -127 -82 -81 77 -66
-24 114 -54 126 -47 -119 -92 76 -35 56 63 69 80 -87 -118 29 106 89 17 -28 -7 -111 71 39 -95 5 -18 7 36 108 93 -69 -62 38 -81 -76 18 -44 25 -113 -94 124 63 -86 -80 105 -11 19 -74 57
90 90 78 -116 109 -28 -69 71 -87 -95 24 -54 -2 78 1 26 -123 57 -22 76 -85 -40 11 -30 -87 54 -121 75 72 -31 107 -71 27 93 117 79 -67 99 50 39 -40 -75 42 78 -64 119 45 77 98 -81
-41 -59 -18 -116 118 67 48 -92 94 -70 -31 -40 -52 -59 -38 -81 -119 -125 17 55 -16 -82 -9 -65 -81 -49 -99 -30 21 10 78 -73 2 4 17 -62 -50 109 11 54 -69 -94 97 -121 -42 -40 73 -91 10 -47
27 7 -20 -30 -4 -107 94 -79 108 -94 -125 116 7 7 -114 -91 -71 -22 -16 -88 -120 64 -82 -29 71 -17 31 -44 -10 15 -49 26 125 -35 -124 -98 50 -85 -94 -7 -58 -1 -53 67 58 -94 -122 -91 -21 13
35 -12 26 -124 29 -24 96 91 15 123 17 62 71 73 69 56 -58 -88 41 -127 27 -78 -62 -71 124 -109 17 116 8 34 -39 -85 -94 -34 13 9 -5 -17 26 -126 48 -77 121 -85 20 37 72 -59 -123 44
-70 -66 40 60 109 54 117 14 -63 114 125 -124 23 79 -80 53 2 -116 68 -24 -44 -6 -56 9 -119 -72 -38 100 -61 -70 -102 -117 24 119 -30 92 73 103 2 33 59 23 119 -72 -8 105 41 1 -103 -108
-116 100 23 122 75 -14 -5 17 -89 65 -122 -116 46 -5 -78 9 8 59 -7 -68 51 -80 -38 -120 -66 -33 -126 117 -78 107 67 32 -51 -55 80 14 108 -50 55 65 54 81 -7 118 -55 -93 -31 -120 118 26
-48 -18 102 123 -75 69 -89 -104 53 -127 38 126 22 67 102 -7 -60 42 21 65 -104 -6 90 96 39 -97 -120 12 82 -33 23 -118 64 -45 -53 15 10 9 61 -30 93 -113 17 60 -53 -61 32 8 -99 -2
-74 -102 -106 -11 -76 109 87 18 91 -126 87 93 44 -104 -77 25 84 76 23 -97 -108 -54 -101 126 92 102 126 17 89 -95 14 48 -8 68 -32 8 3 83 29 -109 7 35 -55 -45 60 -24 2 -58 -15 -82
-27 115 -56 29 12 31 105 -91 122 71 70 17 65 113 102 -100 26 -60 126 -21 69 27 -52 -12 6 -33 -109 -41 -115 -7 29 94 -35 -100 -127 -12 -25 25 -108 98 26 102 54 -91 -112 25 48 -36 -68 -34
112 6 -12 -57 88 -90 -103 118 105 -62 69 103 124 -45 24 29 -19 -40 29 -63 60 -71 123 60 64 -44 86 -36 114 68 54 95 -21 -38 -67 -47 -62 29 92 99 -22 -4 -125 -60 -38 100 -112 77 -115 45
101 78 37 -44 86 -117 -35 -92 115 -117 77 -32 61 127 56 -89 39 38 -21 -49 68 84 -36 -9 98 42 4 -27 101 -4 -18 91 -85 -66 41 -14 23 -39 -121 -103 -110 -39 -87 105 -102 84 -112 48 3 -91
-40 -101 73 -22 82 -59 -56 -55 49 -6 5 21 65 97 -98 -70 -61 53 68 50 -111 -95 17 -6 -23 -21 87 -125 -24 48 -52 -25 -29 39 75 -113 119 -94 -52 16 85 69 -100 -59 55 -83 110 115 -112 -27
2 45 -61 -60 -5 58 -37 -81 -80 57 -114 -58 -126 19 -81 -95 119 -25 -94 -30 113 112 -85 -70 85 -15 40 26 127 -103 112 -94 126 117 -39 -108 52 74 -48 -33 46 71 24 17 33 -3 -94 58 -96 -51
-1 -116 35 -13 -64 -59 63 120 -115 120 -31 82 -63 23 -40 -64 70 -63 -12 -70 -27 -124 54 -28 1 -125 65 -5 114 125 -47 -35 -107 24 68 -122 -61 100 122 122 -92 -9 47 -81 -32 -65 -94 -3 -65 6
60 32 -27 103 -26 121 20 -44 -14 -18 -16 77 108 -88 87 92 118 -112 33 -52 -93 -3 -83 114 66 -123 116 89 69 58 -77 64 65 -73 113 -6 114 54 9 79 48 -11 73 55 39 101 110 -91 -123 -46
66 -25 38 -51 32 -87 46 -10 123 -21 -112 52 -95 -62 -106 -125 115 126 43 17 -42 -1 -50 -76 -61 -121 -85 -92 -50 -90 -91 -9 23 -84 -126 -95 -101 -35 80 55 9 -44 107 35 46 92 -70 98 28 102
87 -3 11 126 -123 38 -93 -49 -109 -91 -35 -3 -52 39 116 -56 32 -88 -77 -104 116 -11 -72 32 7 -9 -74 -20 -126 54 92 -2 -11 -91 90 77 -26 68 2 58 -17 -91 -52 -17 67 -73 -117 -4 -117 -30
63 69 45 -93 -7 -43 -4 92 49 33 -19 90 -118 17 -82 -100 112 12 -87 -57 74 69 119 20 -88 -40 43 59 -122 -12 125 67 88 -122 79 94 125 -1 116 7 -86 -42 -16 91 95 7 89 -48 24 -43
126 -17 -46 126 -40 73 106 -4 80 31 105 121 -48 72 -111 95 12 -89 -1 99 72 26 47 -94 -28 -81 70 123 -125 76 -78 -11 -49 -52 97 -28 -71 -31 104 122 -127 -119 -115 23 82 -99 -99 -57 -126 77
-76 125 -33 -84 -40 -45 -105 -121 -116 -39 39 -17 -95 40 14 -9 -88 -26 59 -117 -54 117 76 92 -7 31 -107 -44 -5 114 88 -13 -96 -126 17 -59 58 10 44 -112 7 -77 39 -65 -71 126 -70 -40 62 95
-62 -113 -57 -53 -14 34 -8 -117 -9 25 -83 29 15 32 3 59 -116 -117 102 4 -85 35 82 -27 -63 7 -102 3 -20 -107 -25 -29 75 -39 -51 -127 -35 12 -68 -17 67 64 26 88 119 -74 67 -99 -37 -67
28 50 127 22 47 -28 79 108 18 -63 -51 36 -55 -71 69 117 12 94 -112 -107 -17 97 -30 -74 98 -58 -76 95 19 74 92 32 2 12 -11 -99 -5 -1 -102 62 41 -35 71 1 100 125 -116 -32 -8 1
106 47 -56 -126 2 -118 109 124 -33 94 -24 -26 -28 -23 80 53 61 119 -49 105 76 47 -17 -57 4 -127 107 58 -34 -15 112 118 52 -67 -59 81 -62 2 -73 -70 -27 -124 -96 -71 -104 97 -71 68 -111 -55
-75 117 -50 -108 -119 92 -72 -22 -12 41 74 -13 105 -95 2 -40 70 -66 -8 -37 -25 -113 -94 -85 -93 -65 15 -7 -49 -56 1 -19 8 -83 -29 63 -93 -18 79 -66 -112 77 17 -92 -77 -24 13 -96 96 86
-11 65 -38 -41 -75 44 37 27 -88 45 70 -104 52 -85 61 -50 -36 -97 -94 73 49 36 -102 -108 46 32 -49 -83 88 64 -47 78 32 -9 54 -89 -34 -30 -126 -75 9 -67 -94 -12 -56 -20 -83 7 -92 113
54 -126 66 -122 -69 -113 51 21 69 111 -111 -55 121 120 71 58 10 2 -22 66 -14 77 -19 -85 -5 -25 92 101 103 -105 48 -46 76 -27 -120 -69 26 -55 83 114 -116 82 4 -87 -103 50 32 -104 -50 -36
70 -89 110 -9 -42 63 -2 -125 -35 -67 109 116 113 -78 -63 -105 -85 28 32 17 49 -32 114 -67 -80 83 -43 -17 17 116 -104 31 -33 -12 -98 67 -104 -93 -104 -33 -16 21 119 -51 -81 11 49 114 70 47
3 68 -23 -64 10 127 93 120 -34 53 112 81 98 -80 -93 99 59 -89 -21 100 62 121 -97 120 100 107 64 -22 -108 77 -113 -83 84 -42 -76 -125 38 106 -48 -36 31 -14 -73 126 83 -91 57 62 -113 28
-99 -96 69 -90 75 3 -40 53 -84 38 70 -72 102 89 44 -37 -108 82 48 0 105 125 2 -89 -44 4 -35 -109 -125 1 -14 -122 -84 -22 40 5 -67 -101 -1 -60 26 -30 32 32 -32 -120 -86 -19 -22 40
-43 112 92 72 -45 -2 115 -116 -12 -44 11 6 11 3 108 105 -98 -83 74 89 108 3 106 34 2 -14 39 103 -36 7 -78 -50 -3 -89 45 -26 -92 -100 21 -6 60 47 84 -74 7 114 109 59 44 -40
-7 -121 -80 -28 -70 -8 22 -7 38 76 94 -62 102 -90 110 -80 46 123 61 33 -75 -94 -31 125 71 117 87 97 77 -116 92 -73 9 -50 -70 -49 59 4 -4 33 43 -31 -84 -86 39 43 118 84 82 -55
-58 -104 60 102 -68 115 -7 -85 -24 -87 36 41 51 -58 23 125 -120 61 -85 98 105 -81 48 -34 -93 53 -85 122 -90 -34 103 11 67 -10 -70 -111 26 42 71 -36 47 98 -74 -4 15 -8 104 -68 -12 25
-70 86 26 -42 111 112 64 47 -5 33 -83 1 -31 -9 27 -51 -8 -35 -110 121 25 -93 92 46 22 -8 69 -109 82 46 100 48 127 60 -122 80 -93 -36 121 -32 17 -82 -111 104 79 -63 33 4 106 -61
25 60 -44 100 83 -110 -98 83 120 27 -39 -95 29 -17 13 7 -22 -47 109 35 99 8 -37 -11 39 72 -46 60 98 -93 28 -6 75 -51 62 -66 -40 68 -102 -7 -121 -16 -2 70 -20 -34 7 119 3 6
-85 46 -110 -58 100 -36 -78 -51 -11 47 10 122 73 104 42 61 -67 -37 82 118 -88 45 -93 -74 126 27 94 -15 122 -37 8 -76 -20 81 -118 97 34 33 93 44 -50 19 63 94 39 115 107 -37 50 127
-25 9 5 -38 -28 -51 -125 30 88 -111 -45 50 104 -74 69 -14 61 30 91 118 -117 -43 -120 -82 66 114 63 9 20 112 60 -16 43 -44 2 61 -60 66 -18 -99 74 67 49 48 97 -127 127 117 0 71
