75
-39 120 3 31 117 -82 95 -125 -71 -125 -67 -44 -88 33 -52 -73 -81 -122 -101 -28 -11 -112 -58 93 -2 57 67 16 -65 -13 122 109 32 53 -35 -8 -79 -77 127 -96 97 40 -93 80 -58 -94 115 -66 99 56 116 -60 -56 49 -64 -124 -26 83 30 4 74 -89 3 -122 -74 -96 58 53 -9 82 74 65 -8 86 121
44 6 92 -14 -75 88 -50 -78 116 -1 43 90 10 95 32 14 51 58 -116 -98 -29 39 -15 -63 -3 76 -113 -49 87 70 114 52 88 110 -40 120 27 110 44 -7 124 127 -31 -116 103 67 64 -68 115 6 45 5 -70 -24 -107 96 -31 -85 -35 -43 -78 -57 -107 35 -17 -11 81 90 8 -58 51 -13 -89 -14 -44
-66 23 -60 91 -1 6 4 124 90 17 -35 14 -54 -90 93 98 -112 127 63 -65 125 -79 10 -45 -46 0 75 58 92 -126 -87 -115 -69 85 59 80 -85 116 -96 36 105 85 -24 13 54 20 -106 -96 -120 -45 -15 -110 115 -26 -40 -61 -46 -14 124 -101 -28 -16 -66 36 -106 83 113 -106 66 122 -99 -75 115 114 83
-10 -12 -82 -121 -99 -97 109 -42 96 54 -117 12 30 -91 113 -9 112 -6 -73 76 -22 23 96 97 69 -32 125 73 -5 111 -121 108 -85 62 92 -112 99 -122 -73 -81 -20 89 20 54 -46 -80 13 -52 -45 -33 57 16 20 -97 -88 -94 -19 24 -86 -56 -36 -6 -16 24 34 -9 -68 -32 -102 -33 118 -13 -80 -51 -45
-19 -114 60 -54 40 83 -21 31 -106 90 -126 82 -63 -16 67 48 42 -6 -77 93 65 -121 117 -64 -107 -124 31 60 -43 -103 -4 101 -117 -60 -36 79 47 79 -35 -89 -78 89 97 114 98 66 -21 -60 72 -43 -104 9 22 58 32 58 -16 89 -99 62 -47 69 -8 125 43 15 -14 -121 122 -103 -3 119 7 -76 -62
-124 28 86 -103 31 -41 2 85 113 123 -120 -48 -69 42 -89 -90 28 92 62 80 79 -93 -85 -27 71 -25 55 -61 -107 -82 -18 -108 61 121 105 27 50 -75 -44 31 -54 87 -75 115 71 57 79 -22 86 -20 42 -13 -127 19 23 -7 -5 -32 -76 -33 10 -22 39 78 -13 124 -78 -85 -27 3 69 -123 7 -20 47
12 -63 111 81 101 -74 26 -105 69 57 110 99 -73 120 -67 -115 83 109 -97 1 48 -122 89 -105 -96 -99 17 116 -20 -18 87 121 127 42 -67 -65 17 92 -64 25 118 44 -60 -110 -126 53 50 -71 37 74 -118 -72 -29 -7 79 29 -98 24 -45 115 26 80 -54 -62 -103 92 88 104 99 82 -44 36 -117 57 -47
-97 -67 114 5 58 -97 -96 -42 67 14 -52 -29 -80 31 121 -36 15 -99 -11 -113 8 -103 88 -102 90 50 49 -33 2 112 15 -77 30 -75 -80 -96 121 -48 98 103 109 -5 -27 -36 101 -106 -84 -93 -69 17 56 -9 104 50 127 81 -96 19 39 -83 85 -72 -1 -44 -125 99 33 -116 -1 -52 -96 -102 -37 -22 5
-71 -67 -26 86 36 41 -72 93 1 51 -86 50 -21 120 111 28 -17 -116 26 54 -76 41 -37 86 -23 -101 -15 8 87 -73 -79 -35 -62 -92 41 25 -60 -43 76 -6 7 68 -96 92 31 -64 -47 99 -61 66 118 -62 92 61 81 -73 124 52 15 28 -105 -125 121 -116 -106 -98 83 127 -68 -3 -21 -49 34 -93 61
47 -102 -111 -42 -25 -32 63 -17 56 12 41 59 -19 -45 71 -35 53 69 62 -125 -31 -84 -24 27 -90 19 -71 -104 27 44 -7 -17 -104 -14 -83 32 22 -69 -119 22 82 93 -59 -60 -116 -6 -56 -104 -29 52 -27 -28 -42 61 -49 75 29 80 28 -41 5 -61 -80 -52 10 -101 -31 9 -118 -56 4 14 -10 77 94
86 -64 -106 51 -63 68 -53 62 3 5 -102 -27 3 91 -100 109 31 82 -70 -45 101 -127 42 -31 94 6 -84 27 42 -89 23 21 28 43 93 -105 -46 89 -25 -98 99 -10 72 -78 30 -84 -36 109 56 62 36 -107 17 9 -50 -52 -61 -110 125 -92 87 38 -84 -66 -67 -2 -60 4 -39 -81 -104 -86 -51 -114 -83
97 -55 -72 99 -11 -68 -82 85 30 117 -45 75 39 -20 68 50 -116 65 66 61 2 2 -119 -67 -60 -38 -99 -91 22 -113 49 -31 81 49 -31 -15 52 86 9 -17 -108 -27 -28 -11 -3 59 -44 41 25 -118 95 68 -115 -116 7 99 83 100 -44 -96 -13 -47 63 118 10 40 43 -108 10 -101 68 -13 -106 -122 -125
-60 83 -36 119 -48 13 -5 116 18 -89 -101 49 -82 3 -114 55 -94 -39 -12 79 -3 67 -21 119 -29 10 48 -23 -52 -62 -29 -89 33 -54 -116 51 -64 -24 9 -30 99 0 -51 -31 31 48 -125 38 24 3 31 115 -50 48 -117 113 -41 -127 87 31 123 -69 72 -28 17 -74 -57 45 88 -84 33 81 -44 -59 -50
-85 75 -48 123 102 41 14 -17 43 -102 62 -108 119 11 -28 -12 -21 4 -47 108 95 62 0 50 -114 -18 -46 8 -79 21 4 -4 89 60 17 -35 60 -52 38 -106 -25 33 47 -79 -29 -60 47 67 -115 120 121 -8 -87 100 2 27 32 -67 -25 112 -88 -38 14 9 -105 52 86 110 -82 -71 -101 -67 -47 -84 104
-126 -57 5 120 -20 -34 -32 -19 52 0 123 -66 -49 -75 63 35 -87 40 26 71 99 -19 84 -13 80 -69 91 69 -44 22 49 100 100 -78 -24 26 67 66 72 31 99 -26 117 -70 -110 -59 -115 -24 -89 64 -94 36 -77 -50 -11 -108 97 124 96 -20 -32 -13 66 -15 -73 -3 -5 55 39 -77 -34 56 69 65 -2
-87 113 63 97 97 -93 -26 3 -74 46 -113 -17 -11 43 97 -30 34 -4 -24 8 83 41 -12 -116 -119 -58 0 -63 47 -47 88 12 -19 87 -65 120 58 -39 -25 -89 -85 93 -24 31 -42 -108 114 -17 103 103 -12 -4 11 33 121 126 -102 108 82 102 27 -14 4 47 -120 -26 115 -17 -96 44 38 25 92 1 104
72 74 -112 -71 -32 -118 60 -95 -9 16 93 -127 -27 -101 -57 116 -27 112 12 33 -69 78 12 -31 -26 108 -37 17 29 -43 -93 -58 64 -21 -76 -34 23 -122 2 -33 -30 84 12 73 -23 116 8 24 -105 -15 16 63 -35 -35 -5 17 -19 17 -32 -84 97 -95 53 -109 -116 -44 -116 107 13 -106 24 105 -88 59 119
111 120 94 107 -28 24 52 -57 118 82 -24 -63 52 -124 7 107 67 -77 2 127 110 115 -39 -90 111 1 -70 -17 71 -88 86 -103 42 -4 84 -71 55 -53 -67 -101 121 -113 -121 67 -69 79 -121 39 105 -90 -25 -90 -106 -10 -28 72 -13 127 -6 23 -53 -102 65 117 -28 43 -51 44 88 -24 -18 21 73 94 123
13 98 -25 67 -46 -38 -33 73 10 76 42 -6 -21 -96 80 -108 -93 93 -78 -57 -115 70 13 18 96 -3 97 56 -51 93 -21 -12 -84 120 -75 94 -115 107 -101 -111 -85 -43 99 -12 -97 17 112 54 -70 -11 -3 -126 24 121 -67 -1 -96 48 -29 12 -52 26 -91 -113 125 -30 120 -35 -84 -40 -54 -112 -50 -36 89
-77 28 -124 111 125 -76 -54 0 -31 22 45 126 -47 20 -97 35 124 113 -35 59 -68 6 -50 66 127 83 48 109 -127 58 12 34 105 -16 51 109 57 -23 41 -61 -14 -127 -25 -106 -121 101 -127 76 87 -38 -24 -114 61 93 2 -124 9 65 56 51 -105 113 -19 105 -28 111 17 -51 -63 -47 58 -22 -52 -12 -113
103 101 39 -127 36 -49 -107 -116 100 21 -39 32 -54 -48 -95 -66 100 -73 -75 -57 68 85 63 -105 -104 36 22 -107 -53 37 27 -108 -39 103 41 119 93 -53 23 15 60 -43 -63 25 124 33 81 -107 21 75 125 53 58 91 77 -32 -83 -36 48 -9 -65 -62 -79 -121 120 -125 -45 -45 -37 89 93 69 -118 -49 -46
-9 127 56 102 53 97 -60 -80 -38 78 -20 -85 114 54 -28 25 -50 -33 12 -93 113 87 79 -98 84 82 114 48 38 -2 -52 50 -100 -126 71 -65 41 -42 114 -12 -36 102 -56 -4 47 -84 -75 -43 -122 127 -113 -3 1 -120 -122 2 56 -83 -9 75 -53 -34 -44 -67 116 -81 -127 84 37 -121 52 -48 38 87 39
116 71 -7 -87 51 -11 -35 -99 9 47 75 67 -69 54 -20 125 -33 -27 35 94 81 115 -46 -72 -27 29 115 122 -87 -10 -49 109 -86 47 -63 -98 -15 91 81 -123 -75 -23 -88 -49 -27 13 53 124 -3 82 -71 -56 88 61 2 40 -82 82 50 -39 10 -84 98 -34 -14 21 25 -76 53 -113 78 -15 119 -90 57
43 -58 -8 111 -40 94 -66 -52 -120 88 -55 -104 81 -20 -40 106 52 58 -109 7 71 61 -62 -67 6 -38 -48 82 22 -51 110 106 99 69 67 98 107 -74 -3 118 -56 -34 -123 -97 69 55 -40 20 95 72 80 79 111 -52 -11 21 -108 9 -105 -110 50 110 3 -70 86 -21 23 -79 67 2 -80 -21 100 -114 -53
-74 -84 38 120 -15 -12 -73 -113 18 14 -47 -55 63 -9 70 72 -13 52 -7 82 92 44 -21 56 106 -102 85 62 116 94 -30 115 98 -54 -105 -77 89 -35 -117 -114 -103 120 120 -63 11 -21 80 -38 103 96 -10 62 71 -22 32 -29 109 -86 -58 -118 -30 -98 -42 -54 109 53 82 -42 13 4 47 17 -51 108 25
87 110 -48 115 26 120 -113 82 69 -39 41 -82 -119 -6 -91 82 70 -92 -57 -89 91 -84 -20 -98 -46 87 90 -85 22 -91 -127 17 35 37 -13 104 -39 -62 -7 -114 107 55 -27 -94 84 2 16 101 21 35 92 82 -126 105 -92 23 -118 -23 14 112 71 -117 -63 -90 68 99 26 82 -73 52 -100 18 69 -123 -54
19 -58 67 2 8 -31 -42 -104 -78 -82 89 -126 10 126 -37 -19 -68 73 23 -16 90 -68 59 -22 13 -36 -23 -85 58 48 -109 -77 121 116 -19 -116 17 77 7 -28 -7 -81 111 -89 5 75 -99 -127 -77 -51 71 -93 59 -112 -51 20 53 47 -60 63 -91 -109 40 -127 114 -89 -78 62 105 62 -75 65 29 -55 119
-86 -6 -6 113 -52 -99 -125 -48 -78 34 103 12 2 -117 100 75 121 102 41 -94 26 -76 -100 100 102 96 65 -125 -37 -109 35 107 -20 -90 55 -17 38 -71 -73 -47 -53 97 -69 -74 -49 -111 -97 -86 -72 -59 4 -18 121 31 82 -38 -74 -85 -64 106 49 52 96 -26 -12 -7 -77 100 -77 -84 -126 22 70 71 -58
62 14 39 -13 -82 -26 -121 -30 -72 -11 -49 62 -69 -108 -116 -88 -73 33 65 106 -49 11 122 75 101 56 -96 116 -1 38 -23 -73 112 -79 -69 81 18 79 -41 -116 -57 94 -28 -35 107 -108 -107 54 -55 39 -49 11 48 -39 -42 85 87 -19 46 116 -51 33 -106 116 59 -28 9 99 11 -31 88 63 30 67 -3
16 122 70 -108 4 95 105 -69 33 118 127 54 13 56 6 -85 3 77 43 72 -70 -120 7 -125 42 70 125 -70 -71 -68 -111 36 -33 7 69 72 16 8 2 64 77 -20 -108 33 63 7 -9 -121 38 -14 -104 -120 21 -79 -18 -66 -86 23 28 -15 -60 -70 -45 123 -103 20 -66 9 65 -24 90 13 34 2 -124
38 -75 -90 -70 110 125 -11 67 -71 -24 32 -61 108 44 -39 -109 103 -17 -124 -57 126 -17 -69 -71 35 22 -11 -35 112 6 -107 91 -114 29 22 -2 -44 -121 60 7 -57 109 -40 42 -76 -64 -55 100 -8 58 -19 124 51 -111 -48 -75 33 39 -34 55 119 19 29 -81 94 111 -110 23 -114 120 43 3 -8 -106 67
-92 -117 49 -42 119 -24 -72 -76 -74 30 -18 116 110 -95 74 117 116 118 -70 39 -93 -104 59 49 21 -48 -8 96 88 -81 -70 4 9 -20 76 -88 114 -44 -31 59 109 -88 -49 92 118 89 64 -8 105 -89 -64 -89 -7 -89 -73 -124 14 -30 -54 -24 -124 -34 -44 72 -4 -110 -90 -80 99 -79 98 -121 -67 90 31
-3 1 -55 92 -76 70 -27 105 13 58 -119 97 5 -79 -8 -33 -82 32 -96 -71 -85 96 -105 -30 111 -11 -34 76 8 -5 -99 -34 -110 26 95 91 -30 90 26 -113 -82 -11 -118 0 62 -67 -109 11 73 119 9 -108 34 119 73 96 120 83 -23 91 51 59 93 -86 90 -87 -92 -82 -11 -81 -45 -11 -127 89 -14
45 30 -121 15 -46 102 -117 -71 66 88 -122 -2 88 -26 -81 -71 70 58 17 38 -45 -84 -7 -104 76 11 -21 -47 101 -72 -40 -75 101 52 -119 67 -61 106 -81 25 71 -74 -10 76 78 64 -120 125 16 -7 46 124 -85 -123 -60 0 109 -111 -105 -1 -121 71 -121 87 124 -81 -106 84 -36 30 -51 -103 39 -7 -117
45 -38 13 77 -54 -19 -31 -23 -48 -28 3 -9 -10 26 51 -34 -102 48 53 60 -18 10 83 43 116 55 98 102 65 -54 10 66 -36 -97 101 -87 34 91 4 -58 -1 112 25 -59 41 6 -13 -16 -78 124 -107 68 -55 -119 98 -60 80 73 -47 42 127 70 -31 -18 -6 -49 -30 88 -113 66 95 78 98 -7 70
-51 -26 -38 -68 -87 91 -95 71 50 -117 -112 85 84 80 -124 -50 36 126 -36 -120 119 127 -94 -3 -62 -31 8 -74 -2 117 -104 112 -113 -7 -72 -127 -50 -77 -87 41 -97 116 89 37 -96 84 95 111 54 -24 -32 -53 42 -64 6 38 -78 -49 113 -75 -54 -27 13 120 -11 -6 -103 12 -11 82 126 -61 -39 125 -96
-11 71 -42 -104 -58 26 28 -94 -118 -67 52 106 -101 91 36 -61 74 59 126 75 110 -78 -71 -11 -91 110 98 81 -23 -125 63 -44 31 -27 42 3 -25 66 -8 64 -81 19 -29 69 52 -51 18 71 65 -42 49 111 -16 -98 124 -57 127 67 110 0 -23 5 -78 11 -93 61 -77 -13 -124 -44 -74 -124 97 49 74
-127 -105 33 -117 26 -111 44 -99 59 -50 89 -123 98 26 98 32 114 64 -99 124 89 117 44 115 49 -27 -36 -9 110 5 -119 -30 -36 -39 33 -126 -100 -41 4 -63 16 88 79 -121 -58 127 0 1 71 38 -124 2 -96 -8 23 54 -30 -52 -106 -89 44 116 -38 106 -67 65 -99 -108 107 -44 126 -51 -68 85 56
-95 73 78 -25 77 -52 66 -109 -77 -74 73 -101 96 18 42 -51 -103 -56 121 -123 -103 -39 -15 -83 -52 9 -31 -113 125 114 118 43 34 124 127 -64 -101 -50 -1 99 86 88 17 53 -41 120 60 30 -127 66 114 13 62 64 -89 -60 46 24 40 -73 125 115 74 -25 19 -96 72 7 -122 -49 53 -89 -120 -88 -83
-10 -83 48 112 -40 41 67 45 -110 -22 103 23 -13 -64 -6 38 20 -38 -72 89 -92 12 -126 -28 13 -60 43 -121 26 -86 9 -17 77 -84 -31 32 -6 -50 78 95 4 -101 -126 10 -54 64 50 -62 -84 -71 113 -33 -57 -16 -80 -56 -72 -109 -16 56 111 -15 -36 -76 -69 -96 66 -78 50 -3 -59 89 -76 -72 61
15 108 -40 -23 103 19 -51 67 -97 51 -114 -31 1 69 84 108 -58 100 9 -46 121 -44 101 -21 100 3 -105 -127 -35 116 -67 -88 -82 23 -39 -71 112 62 31 -100 -84 124 -18 -125 93 -55 108 36 -95 27 -23 85 97 68 116 -84 8 -9 0 -15 -114 -80 -121 24 -123 -105 -12 106 117 59 -57 -15 46 5 13
52 37 -126 -91 121 50 46 55 10 -26 -60 12 92 -60 -27 37 49 -46 29 95 -77 101 -16 -77 63 -24 20 109 -111 49 53 93 -118 -54 -65 -26 -7 97 4 43 24 -32 -51 51 34 -89 74 -34 -11 110 -47 90 -124 -21 -82 28 -20 -92 -24 99 -8 115 58 119 70 -126 78 -27 87 -21 -68 120 44 -57 -93
52 -82 98 -59 66 74 31 2 -103 67 -122 -66 -116 -19 -68 42 -59 97 -36 81 -110 -87 -1 -104 25 -51 -77 107 65 75 93 94 17 45 -124 -79 -69 -51 -28 -29 40 -121 67 -92 23 48 -69 86 91 -25 117 -51 -88 -2 114 76 -89 90 -57 33 -47 64 61 116 -43 -110 -30 107 31 22 58 -22 -27 -89 -73
-123 -98 14 -99 -98 94 66 -54 75 -52 55 -11 -64 38 49 -28 43 7 -118 -123 -79 88 66 42 51 -89 -104 -44 -3 -109 66 34 5 114 31 -32 107 -32 89 -37 43 93 67 -72 2 -87 65 -28 62 -70 100 30 77 -49 -53 20 111 30 -70 1 86 27 -43 -110 -18 94 104 -38 -54 117 -38 -70 -5 -81 -35
-116 84 -28 -54 -63 -120 -56 126 -30 118 7 -90 -34 5 15 -14 -63 43 -108 53 8 -66 98 16 -126 -4 -75 110 -123 -48 17 118 104 -114 -112 95 -96 -21 126 63 102 -67 110 49 -33 100 -74 122 63 101 32 108 -91 22 29 27 113 -86 73 74 72 70 66 9 -122 88 -67 -74 21 -47 -44 60 62 -72 -117
54 74 -10 114 -74 102 60 82 -71 -87 115 58 -35 44 81 44 86 87 -47 120 -84 97 57 -31 -109 -127 -88 -67 68 58 -79 17 101 -117 116 -75 -121 -125 -26 95 11 93 75 -69 -59 -100 74 -33 78 84 113 -15 118 88 74 110 -114 107 20 -113 114 -26 16 7 -73 -40 -56 -43 -72 42 -118 94 0 127 -53
-92 -113 118 -27 20 27 -121 47 -109 -17 40 -124 43 -55 -55 -34 77 67 40 -69 -63 -67 85 -44 60 50 -31 97 59 -31 -54 -16 113 78 -54 -127 46 45 -50 -16 -87 48 -67 33 122 -66 -7 19 -51 -53 -21 124 79 105 16 74 74 16 40 -99 -3 70 13 -79 10 98 59 79 73 70 -109 113 41 -72 -28
-65 35 -46 119 6 29 82 4 121 -9 -47 21 112 -125 -87 -10 -13 -105 -26 70 -2 37 -52 93 53 -97 10 -54 -51 100 32 89 105 -27 35 -124 59 29 -95 92 -113 62 -46 31 -2 54 -113 105 94 -56 42 112 -38 113 -29 -55 -12 -38 56 39 -44 -68 124 112 114 -11 10 -82 61 -118 65 -36 -73 81 -95
112 106 -102 70 -19 -2 21 72 -81 107 -34 -88 75 74 -100 8 6 32 -61 -121 -101 101 78 29 123 -58 55 -120 -74 60 -125 121 122 45 -124 -101 -112 -51 -114 1 -1 71 -36 -111 -96 -126 49 -73 -23 -45 72 -102 7 21 30 19 99 -122 -37 91 -48 -66 -36 -89 12 49 2 41 -67 109 50 11 -21 -47 -70
100 -43 104 -87 38 -46 95 73 -40 111 -96 -68 112 17 86 24 122 21 67 -94 -126 -103 17 -114 -54 76 -111 4 34 -115 -124 62 -34 -14 -2 102 -24 5 -126 -36 17 5 117 63 112 -14 -126 6 -94 -27 2 -4 96 49 -77 -1 -70 -117 -121 -102 96 27 -75 -14 122 80 2 116 -48 66 -107 -53 -58 49 43
34 13 -94 -29 -126 -60 8 -67 -104 44 69 -74 -91 -34 41 -109 -8 126 80 88 -109 41 -32 116 10 -98 106 -79 121 101 -100 69 -46 36 -4 112 105 92 -77 -115 -53 -32 -32 53 -59 17 45 35 -3 8 36 -36 -95 18 23 15 -78 76 -112 -63 -6 113 55 44 -46 94 -84 2 96 -116 -96 -29 -16 -103 117
57 35 119 101 -68 53 -15 19 -86 -120 -83 -77 6 -108 104 65 -59 -42 -102 -38 -113 -32 4 71 102 112 -96 -79 -41 -28 88 -92 14 -34 84 73 16 15 -44 -124 70 25 80 -38 -8 -67 73 -10 -116 -86 34 -91 -120 -38 111 -83 40 104 62 123 83 53 -115 -5 76 -90 109 -19 26 56 21 -113 31 -83 -17
-49 56 -96 120 55 -123 60 -113 -122 -89 -99 -60 82 -79 -68 88 40 -4 -82 -96 -105 116 124 -49 -113 -84 -120 28 26 77 7 -77 -11 -10 57 -17 32 -62 -49 93 34 24 65 -102 -65 47 16 42 -90 -106 -108 46 24 -123 92 34 -17 37 46 15 -53 50 27 40 41 -48 115 -124 -125 -82 114 71 -92 -122 35
-47 100 119 124 100 15 4 114 -126 -5 -105 99 -86 -109 52 27 102 -75 -35 23 6 -81 -80 -117 -100 -23 -21 126 80 24 -20 -80 -76 -50 70 -68 82 -100 -84 -73 -93 67 20 23 48 -28 82 115 -92 -126 44 19 -74 -88 78 38 -97 -11 -41 58 -59 47 -40 77 50 111 78 55 -94 -41 -79 -40 7 -44 -16
93 -119 90 -12 -90 -30 -102 -70 86 93 -26 112 -58 110 -86 -85 -20 -17 1 -62 45 43 -127 93 122 28 -52 -74 -42 57 -10 5 74 -27 -91 -25 102 -51 95 111 -61 -65 127 59 -98 -84 35 113 -105 -11 78 103 -23 -63 -99 121 -28 -36 -79 -90 105 -24 26 126 85 92 6 -84 42 117 -73 -117 10 57 88
56 -22 86 73 83 -17 54 -19 53 -9 -50 0 3 73 -83 30 -124 -88 -8 -103 -90 67 112 -93 67 -40 -112 109 -39 -2 63 -5 97 39 65 -58 -80 22 8 67 -123 -54 -71 44 -63 113 -27 78 -28 13 -83 13 -77 74 -122 19 -86 -9 -62 -111 47 20 55 59 4 -48 -1 83 40 -125 115 -122 11 62 82
-94 -68 31 14 -34 -25 77 -21 -69 -19 70 19 -62 124 -26 -126 -112 36 -70 -25 -43 -72 26 -117 -22 102 -97 112 -40 70 -78 91 -93 -73 119 84 10 42 126 21 2 -91 18 76 -54 -106 -8 -69 68 45 110 59 -96 -124 13 64 -13 118 -109 -14 -86 58 50 117 -112 -95 -19 98 -79 110 -42 -114 -97 93 125
9 98 92 68 78 -57 40 67 7 28 -94 42 86 -97 -43 63 -33 -50 -69 -10 -4 47 86 -57 -110 -13 -21 -80 -103 5 127 -54 -50 -25 46 -101 -123 -51 -72 -83 112 -122 32 -103 -1 -1 -69 -17 10 -2 91 -1 74 -121 -76 -81 -69 80 16 102 16 -84 4 123 79 -56 43 -16 88 47 1 54 115 -61 -108
-94 -3 -50 -77 84 -89 113 -87 -75 23 -46 -86 24 -118 -75 -19 18 79 -16 73 121 91 -122 85 -120 87 38 72 -22 126 -123 62 90 35 72 70 79 93 -103 46 89 6 39 31 -105 -28 -32 -106 63 94 66 13 16 27 -83 -46 31 -47 -53 24 -17 109 21 112 78 -92 2 -56 -103 -22 118 -66 -117 -21 -19
-116 69 41 41 -79 2 -75 93 -45 16 115 49 -16 -31 -14 78 -54 -74 90 -94 78 -3 93 -1 89 -48 118 22 29 -16 -102 -121 5 74 -37 -42 -56 -28 109 70 -102 46 -13 119 33 -50 -104 59 -74 0 23 51 126 -120 -1 6 -94 80 -34 -13 68 83 -67 101 77 -49 102 -11 -28 0 -4 -54 -49 -30 3
-96 -73 97 58 -1 3 -117 -9 47 -60 -43 -10 -104 16 66 104 64 103 -15 42 56 -40 88 85 91 90 15 -25 50 -75 -26 124 -81 -30 -107 -23 -23 25 -3 -116 -23 -88 67 1 -73 32 21 -89 90 -100 17 31 77 68 68 -14 88 56 84 -22 79 110 -104 -30 89 87 -26 85 33 -40 59 -24 99 85 95
-63 43 -59 -50 54 1 64 -111 -22 94 80 -94 53 -27 -70 -25 9 9 5 44 114 31 -106 54 -125 41 74 -60 -76 61 80 20 -14 61 -117 -30 -77 34 -45 73 16 -74 -13 -38 117 102 -2 -48 11 110 44 -77 -93 60 -55 126 56 -25 -118 -61 -43 -99 63 91 81 -68 -107 79 -68 -81 112 45 70 15 -77
9 -57 -69 -69 72 47 87 75 -121 0 5 -36 -77 -8 8 70 -24 99 98 -48 43 -72 -41 -9 -13 119 -11 101 -57 73 -84 82 -66 12 -123 -5 11 52 34 37 -86 -18 52 -108 -121 104 -3 34 60 -97 38 -25 -84 -88 27 10 -121 115 -98 79 87 113 3 -24 35 85 18 -39 52 77 -15 -21 -125 -66 -115
-113 21 -39 54 18 5 39 -15 -85 81 -98 32 -56 -11 -52 -88 97 -74 -78 94 97 -86 -99 -58 111 14 -74 7 -33 -20 -114 -18 51 22 52 -96 69 34 81 -30 99 125 88 0 74 -28 119 116 -89 -60 -12 -114 90 25 27 -98 23 108 -101 -4 27 3 -80 84 -83 -89 21 36 -18 -4 7 114 96 -82 -87
-68 111 42 30 -56 -50 -112 -4 16 71 -68 126 99 -125 50 -86 -38 -97 -79 -59 -58 85 11 17 33 107 -29 -21 -44 -7 89 -27 118 -109 -36 -48 73 53 -5 19 119 81 -114 69 58 95 -22 41 -82 -41 -27 13 94 -35 94 7 47 -120 -59 83 85 52 59 -67 11 21 103 -8 -115 -8 10 9 107 -60 -62
-52 65 41 5 -39 72 28 -50 -102 113 46 -40 29 -8 -91 12 -109 -31 14 -101 49 -67 118 5 38 107 -109 35 -60 113 -120 -61 125 -104 107 40 -64 42 48 24 1 -30 81 27 -122 -13 -92 -4 -67 -115 -97 127 10 -102 -126 -18 109 66 66 94 28 76 -36 87 26 -61 -20 37 114 -116 0 -107 86 -23 -13
42 -90 -50 -6 35 -109 118 50 102 104 97 37 -126 -24 66 101 107 -59 -73 119 -67 28 99 -40 -83 -83 -51 75 48 11 -66 -11 -121 90 64 -111 -101 27 -28 -122 -98 52 -16 -98 50 -121 -75 24 -112 50 63 -57 20 18 107 -60 -122 -122 78 74 66 -51 -123 68 -21 79 -36 99 -61 24 59 78 -22 56 -77
-32 4 -54 63 2 104 37 -14 23 -85 84 -74 86 26 32 -126 103 97 -112 -125 69 -20 -30 14 -120 77 -53 30 -100 7 -124 -91 -64 126 -85 -9 85 -113 4 66 69 36 1 115 -20 123 -25 67 -35 27 -9 123 38 118 -69 -73 -93 -67 8 -115 21 47 90 -102 -12 105 -67 -34 64 125 -98 -62 85 78 -118
-125 12 -99 89 -115 83 -19 33 -19 64 -38 26 -100 -74 26 -121 -5 68 117 97 115 117 36 -97 17 -54 63 23 106 -42 -16 -68 -113 -46 -82 59 65 65 -8 -29 -76 -30 -108 -89 -3 71 -12 38 59 -23 52 -106 -112 -75 -37 4 -47 97 -110 109 1 -34 -44 51 97 -5 47 -33 -106 59 75 62 -10 36 -21
-86 68 122 -39 12 45 -51 -89 56 -49 -96 -126 84 -92 -124 -106 11 39 56 -75 57 106 122 82 62 69 -5 76 -12 34 1 42 29 -103 -101 59 54 -84 -23 -5 26 112 79 113 88 99 65 5 -19 -102 -76 -11 -69 -15 -52 39 82 0 -61 -4 7 6 -76 81 62 -33 -46 -114 -5 92 23 47 -120 20 71
-96 35 21 -105 23 -1 33 -7 101 -1 -115 -7 10 13 -126 -81 100 124 86 115 -59 -89 62 -52 99 65 -116 83 28 1 42 119 -60 82 -101 104 126 11 121 30 112 52 -33 -75 63 -46 -77 -60 63 -5 84 -122 15 92 97 -38 -122 -89 -21 99 -80 18 62 -25 91 30 -30 95 -60 -108 -40 86 -30 -39 66
-12 -89 -47 -65 82 -59 -103 113 126 -46 60 -108 -18 126 -53 0 62 -112 -89 105 -79 38 127 26 -84 -83 74 44 10 127 -103 -84 121 -30 -77 -13 24 112 114 -92 -109 -60 99 86 -50 127 -36 -120 -41 -111 54 91 49 61 -100 1 -124 15 -60 -52 114 -94 6 -63 -11 102 49 17 -49 -21 -11 -87 -4 31 -123
-22 -12 -105 -16 -85 -3 60 22 6 110 -81 17 -40 68 105 -31 4 114 -22 -105 -110 2 -26 -40 -95 -111 -32 -36 -37 22 -117 -105 11 6 -37 36 103 -94 -27 51 -44 30 21 -29 -13 -101 -40 25 -81 100 61 7 -20 107 -13 84 100 71 39 21 -87 -73 27 -1 -90 -98 -33 -42 124 26 94 -107 -43 86 -76
-28 58 31 -45 -16 -104 -124 55 -51 -20 -95 -111 -113 108 117 102 -118 -3 -21 64 -42 -40 -32 -79 -22 28 53 -111 -72 77 60 -55 38 81 6 -22 -60 -103 72 -38 -103 -24 76 0 -17 -1 -102 33 -123 -91 -85 127 -112 -48 -122 -80 40 51 127 -105 100 -85 24 -104 -3 75 -48 -83 -64 31 -31 -25 54 84 -91
-51 -95 118 22 -113 -14 93 -118 -50 -50 -19 101 18 56 -66 -121 -56 118 117 -43 71 70 -41 19 110 -57 37 60 -96 52 46 90 -5 -122 -109 61 -92 113 4 98 42 84 5 -66 13 112 117 -56 -54 68 98 -6 76 -80 85 -52 28 37 71 -95 98 -45 -82 -24 0 -69 84 93 126 -106 22 5 27 -110 111
