25
113 -92 99 24 2 -46 61 -15 -78 -24 -113 81 -104 -102 -127 -37 -93 -33 64 -119 119 98 -60 -33 5
90 -46 41 1 -35 -116 -99 -22 -30 86 47 -76 48 -88 -43 -94 50 -99 -121 -33 -26 -96 46 -81 -49
-60 101 -121 -34 -64 86 -24 91 -47 -79 15 86 -32 -127 -110 111 21 7 -106 -49 -9 -107 -105 -127 64
44 -46 -52 -80 2 0 -68 -34 -68 -54 -79 -127 -76 69 20 -1 62 -63 124 -115 25 -70 -120 -77 25
-45 -4 -21 -71 62 -58 26 -69 30 -127 40 -23 -112 -29 90 13 81 -11 -124 -102 127 25 -71 5 -15
-37 100 101 21 -108 -9 -46 86 118 48 -99 90 8 -51 -9 -8 0 66 10 107 -125 -17 -113 -124 31
-105 -78 -66 96 72 111 63 65 -45 77 63 84 -51 -78 80 80 -72 -92 -127 -23 1 76 74 -66 30
34 121 -120 -34 99 33 5 24 -36 -89 -69 116 50 -63 -50 -30 -113 65 -1 -116 -104 57 -46 -75 83
23 -24 110 26 58 113 -82 -124 6 86 -102 3 105 80 68 100 11 13 -71 -34 73 -69 117 -2 103
121 -113 48 92 97 23 115 -104 107 50 28 -45 61 -69 35 -37 16 71 61 43 -110 113 112 65 -84
55 56 -61 100 -74 65 91 84 -115 49 40 -38 72 -84 -16 -54 60 96 22 -54 13 -108 5 41 54
-64 -39 89 -121 -83 -20 60 116 68 -78 -118 -46 93 92 -40 30 -66 -44 90 -73 -35 48 68 -73 42
118 16 69 72 25 -48 -35 -46 -28 105 -121 -2 -74 -97 -20 61 37 63 -33 33 111 -93 -41 116 93
62 122 36 -6 -116 -62 104 34 -66 70 -57 33 9 -42 -121 -49 66 -57 59 -6 -33 117 -90 48 -64
97 -38 110 -115 -114 5 55 42 109 -56 103 127 72 58 92 -31 -56 -24 -103 -22 -109 -114 -66 -1 77
-69 67 99 84 -81 45 -126 -111 -115 -21 66 -104 22 26 -90 80 107 -116 -8 -100 114 -37 -115 62 99
-124 -120 123 48 28 -53 -73 -91 117 -65 45 2 100 -107 30 -12 -63 101 97 -46 -20 72 42 27 -89
113 75 -62 -28 116 -80 -5 -26 97 99 -123 116 73 8 41 47 -26 -62 98 16 43 35 -105 -107 -99
102 -119 -49 18 -4 -120 -40 -114 63 101 -110 82 72 -29 108 28 87 117 72 -121 103 89 1 -37 -120
67 -26 117 -9 38 -88 6 -107 -102 -21 92 2 24 -45 39 105 -51 82 -84 104 -103 -107 124 39 0
-70 -20 -50 127 60 60 -46 10 -36 35 83 9 106 -58 -59 -41 21 118 91 35 124 -46 112 -64 -9
41 -52 115 80 -62 115 -19 121 34 -103 69 124 -8 60 -42 -83 61 -30 -118 -113 -82 -1 48 -82 30
6 -52 9 -111 56 -88 56 -32 23 -73 -106 -102 89 -113 56 -82 60 52 122 41 -84 28 56 -93 -122
-61 90 77 122 26 -126 7 20 64 73 -94 22 49 117 -93 -98 -82 -22 -14 -5 5 -104 123 -94 -50
-108 24 122 125 -73 -110 27 -108 -5 93 124 -12 96 116 79 -60 107 99 108 19 21 -92 -116 -52 -83
